# Time, BJD, SAP_FLUX, SAP_FLUX_ERR

2454964.512577 41317.984375 6.023346
2454964.533011 41311.812500 6.022989
2454964.553446 41312.832031 6.023112
2454964.573880 41310.125000 6.022854
2454964.594315 41300.898438 6.022353
2454964.614750 41289.281250 6.021774
2454964.635184 41302.972656 6.022458
2454964.655619 41304.269531 6.022594
2454964.676054 41314.167969 6.023081
2454964.696488 41312.148438 6.023015
2454964.716923 41321.691406 6.023486
2454964.737357 41317.449219 6.023250
2454964.757792 41326.289062 6.023648
2454964.778226 41317.414062 6.023252
2454964.798661 41304.941406 6.022595
2454964.819096 41306.718750 6.022746
2454964.839530 41279.386719 6.021303
2454964.859965 41259.058594 6.020195
2454964.880399 41240.699219 6.019301
2454964.900834 41227.933594 6.018573
2454964.921269 41224.261719 6.018377
2454964.941703 41192.871094 6.014714
2454964.962138 41182.980469 6.016319
2454964.982572 41188.843750 6.016561
2454965.003007 41179.160156 6.014008
2454965.023442 41190.113281 6.016629
2454965.043876 41192.902344 6.016788
2454965.064311 41210.964844 6.017673
2454965.084745 41216.441406 6.017994
2454965.105180 41232.675781 6.018872
2454965.125615 41263.277344 6.020367
2454965.146049 41283.042969 6.021358
2454965.166484 41289.828125 6.021859
2454965.186918 41293.050781 6.022017
2454965.207353 41310.406250 6.022800
2454965.227788 41298.398438 6.022335
2454965.248222 41308.386719 6.022751
2454965.268657 41310.140625 6.022825
2454965.289091 41301.894531 6.022408
2454965.309526 41297.664062 6.022173
2454965.329961 41293.031250 6.021989
2454965.350395 41299.347656 6.022278
2454965.370830 41292.761719 6.021947
2454965.391264 41295.128906 6.022059
2454965.411699 41300.808594 6.022470
2454965.432134 41313.707031 6.023008
2454965.452568 41322.011719 6.023434
2454965.473003 41315.152344 6.023048
2454965.493437 41309.863281 6.022827
2454965.513872 41306.675781 6.022593
2454965.534306 41296.035156 6.020021
2454965.554741 41298.085938 6.022146
2454965.575176 41288.625000 6.021818
2454965.595610 41275.511719 6.020006
2454965.616045 41250.144531 6.019694
2454965.636480 41217.492188 6.017948
2454965.656914 41204.515625 6.017399
2454965.677349 41191.824219 6.014651
2454965.697783 41173.730469 6.013692
2454965.718218 41174.089844 6.013741
2454965.738652 41168.617188 6.013509
2454965.759087 41181.632812 6.014223
2454965.779522 41191.601562 6.014733
2454965.799956 41212.335938 6.015757
2454965.820391 41213.445312 6.015740
2454965.840825 41241.984375 6.017556
2454965.861260 41265.125000 6.018475
2454965.881695 41273.718750 6.018945
2454965.902129 40945.117188 6.019626
2454965.922564 41308.531250 6.020816
2454965.942998 41309.710938 6.020927
2454965.963433 41305.316406 6.020629
2454965.983868 41315.156250 6.021120
2454966.004302 41290.230469 6.019827
2454966.024737 41285.910156 6.019569
2454966.045171 41290.714844 6.019822
2454966.065606 41293.195312 6.019909
2454966.086040 41287.039062 6.021691
2454966.106475 41278.679688 6.020200
2454966.126910 41302.964844 6.022480
2454966.147344 41317.359375 6.023177
2454966.167779 41298.953125 6.020308
2454966.188213 41188.757812 6.014584
2454966.208648 40622.640625 5.981570
2454966.229083 39683.863281 5.932253
2454966.249517 38457.890625 5.861483
2454966.269952 37066.609375 5.784517
2454966.290386 35488.191406 5.690876
2454966.310821 33801.394531 5.591109
2454966.331256 32041.169922 5.484966
2454966.351690 30311.349609 5.378440
2454966.372125 28714.330078 5.276155
2454966.392559 27520.234375 5.200015
2454966.412994 27123.861328 5.173516
2454966.433429 27093.333984 5.171576
2454966.453863 27320.626953 5.187731
2454966.474298 28269.710938 5.245775
2454966.494732 29791.816406 5.344304
2454966.515167 31484.892578 5.449318
2454966.535601 33235.410156 5.555587
2454966.556036 34939.175781 5.657031
2454966.576471 36566.203125 5.753745
2454966.596905 38027.578125 5.838402
2454966.617340 39308.183594 5.912347
2454966.637774 40357.839844 5.967724
2454966.658209 41065.269531 6.008072
2454966.678644 41304.449219 6.020573
2454966.699078 41300.093750 6.022384
2454966.719513 41300.242188 6.021352
2454966.739947 41295.664062 6.020043
2454966.760382 41292.191406 6.019926
2454966.780817 41296.046875 6.022107
2454966.801251 41284.789062 6.019516
2454966.821686 41291.414062 6.019842
2454966.842120 41297.125000 6.020175
2454966.862555 41298.480469 6.020224
2454966.882989 41301.144531 6.020378
2454966.903424 41308.472656 6.020775
2454966.923859 41315.972656 6.021177
2454966.944293 41306.503906 6.020689
2454966.964728 41304.503906 6.020579
2454966.985162 41313.433594 6.021055
2454967.005597 41289.085938 6.019762
2454967.026032 41289.812500 6.019791
2454967.046466 41270.484375 6.018789
2454967.066901 41254.632812 6.017971
2454967.087335 41229.042969 6.016640
2454967.107770 41214.765625 6.015931
2454967.128204 41195.160156 6.014832
2454967.148639 41179.265625 6.014059
2454967.169074 41192.683594 6.014778
2454967.189508 41180.480469 6.014133
2454967.209943 41171.500000 6.013641
2454967.230377 41196.425781 6.014864
2454967.250812 41191.449219 6.014738
2454967.271247 41202.472656 6.015183
2454967.291681 41216.429688 6.015982
2454967.312116 41243.867188 6.017402
2454967.332550 41255.953125 6.018012
2454967.352985 41282.558594 6.019439
2454967.373419 41292.644531 6.020004
2454967.393854 nan nan
2454967.414289 41309.273438 6.020831
2454967.434723 41291.421875 6.019932
2454967.455158 41309.761719 6.020833
2454967.475592 41302.687500 6.020494
2454967.496027 41295.925781 6.020136
2454967.516462 41290.714844 6.019837
2454967.536896 41288.722656 6.019757
2454967.557331 41288.406250 6.019734
2454967.577765 41290.828125 6.019886
2454967.598200 41286.242188 6.019687
2454967.618634 41281.222656 6.019431
2454967.639069 41304.503906 6.020646
2454967.659504 41305.718750 6.020685
2454967.679938 41283.156250 6.019589
2454967.700373 41292.710938 6.019977
2454967.720807 41284.039062 6.019536
2454967.741242 41290.375000 6.019870
2454967.761677 41277.687500 6.019309
2454967.782111 41264.234375 6.018531
2454967.802546 41241.949219 6.017346
2454967.822980 41227.492188 6.016591
2454967.843415 41207.554688 6.015611
2454967.863850 41179.156250 6.014100
2454967.884284 41166.687500 6.013463
2454967.904719 41167.121094 6.013431
2454967.925153 41169.378906 6.013603
2454967.945588 41172.660156 6.013721
2454967.966022 41172.562500 6.013772
2454967.986457 41189.136719 6.014609
2454968.006892 41196.843750 6.015035
2454968.027326 41215.171875 6.015963
2454968.047761 41244.421875 6.017434
2454968.068195 41242.507812 6.017456
2454968.088630 41258.171875 6.018129
2454968.109064 41280.265625 6.019362
2454968.129499 41282.035156 6.019326
2454968.149934 41291.105469 6.019905
2454968.170368 41303.156250 6.020503
2454968.190803 41291.699219 6.019897
2454968.211237 41284.859375 6.019548
2454968.231672 41268.750000 6.018667
2454968.252107 41281.011719 6.019327
2454968.272541 41288.632812 6.019714
2454968.292976 41278.593750 6.019226
2454968.313410 41267.902344 6.018666
2454968.333845 41291.824219 6.019897
2454968.354279 41280.542969 6.019359
2454968.374714 41299.214844 6.020215
2454968.395149 41296.191406 6.020171
2454968.415583 41289.996094 6.019911
2454968.436018 41308.648438 6.020779
2454968.456452 41292.695312 6.020051
2454968.476887 41285.546875 6.019531
2454968.497321 41267.296875 6.018630
2454968.517756 41248.335938 6.017676
2454968.538191 41240.664062 6.017313
2454968.558625 41217.351562 6.016011
2454968.579060 41189.261719 6.014539
2454968.599494 41183.000000 6.014243
2454968.619929 41177.960938 6.013978
2454968.640363 41162.761719 6.013225
2454968.660798 41152.429688 6.012635
2454968.681233 41170.664062 6.013590
2454968.701667 41168.699219 6.013485
2454968.722102 41174.902344 6.013844
2454968.742536 41198.828125 6.015100
2454968.762971 41209.921875 6.015602
2454968.783406 41234.246094 6.016898
2454968.803840 41250.480469 6.017719
2454968.824275 41306.148438 6.020721
2454968.844709 41281.187500 6.019362
2454968.865144 41276.078125 6.019098
2454968.885578 41282.222656 6.019366
2454968.906013 41292.230469 6.019835
2454968.926448 41292.136719 6.019858
2454968.946882 41292.664062 6.019912
2454968.967317 41277.980469 6.019091
2454968.987751 41275.812500 6.019006
2454969.008186 41277.191406 6.019074
2454969.028620 41256.746094 6.018105
2454969.049055 41287.582031 6.019688
2454969.069490 41288.957031 6.019708
2454969.089924 41297.660156 6.020152
2454969.110359 41291.457031 6.019808
2454969.130793 41290.570312 6.019803
2454969.151228 41285.507812 6.019578
2454969.171663 41286.875000 6.019668
2454969.192097 41285.871094 6.019596
2454969.212532 41280.289062 6.019314
2454969.232966 41275.558594 6.019042
2454969.253401 41261.382812 6.018362
2454969.273835 41230.636719 6.016688
2454969.294270 41214.000000 6.015843
2454969.314705 41181.773438 6.014221
2454969.335139 41172.039062 6.013639
2454969.355574 41168.503906 6.010095
2454969.376008 41155.378906 6.009442
2454969.396443 41153.136719 6.009315
2454969.416877 41147.324219 6.008976
2454969.437312 41164.937500 6.009821
2454969.457747 41177.988281 6.013958
2454969.478181 41198.257812 6.014951
2454969.498616 41202.777344 6.015233
2454969.519050 41217.859375 6.016004
2454969.539485 41255.945312 6.017998
2454969.559919 41273.632812 6.018886
2454969.580354 41303.976562 6.020411
2454969.600788 41287.621094 6.019654
2454969.621223 41295.281250 6.020037
2454969.641658 41290.289062 6.019807
2454969.662092 41281.632812 6.019301
2454969.682527 41292.480469 6.019857
2454969.702961 41277.929688 6.019202
2454969.723396 41296.300781 6.020049
2454969.743830 41280.992188 6.019258
2454969.764265 41285.757812 6.019463
2454969.784700 41275.789062 6.018994
2454969.805134 41278.738281 6.021310
2454969.825569 41289.414062 6.019728
2454969.846003 41304.835938 6.020565
2454969.866438 41313.964844 6.021001
2454969.886872 41316.324219 6.023251
2454969.907307 41303.933594 6.020542
2454969.927742 41288.312500 6.021819
2454969.948176 41292.988281 6.021968
2454969.968611 41269.261719 6.020844
2454969.989045 41249.519531 6.017599
2454970.009480 41225.652344 6.014666
2454970.029914 41211.968750 6.012251
2454970.050349 41198.160156 6.011514
2454970.070784 41172.492188 6.011275
2454970.091218 41169.109375 6.010039
2454970.111653 41158.300781 6.011632
2454970.132087 41154.792969 6.009293
2454970.152522 41165.253906 6.009782
2454970.172956 41176.144531 6.010424
2454970.193391 41185.742188 6.010877
2454970.213826 41194.609375 6.011374
2454970.234260 41219.214844 6.014794
2454970.254695 41253.703125 6.016592
2454970.275129 41261.058594 6.016948
2454970.295564 41265.582031 6.017177
2454970.315998 41289.156250 6.021839
2454970.336433 41287.222656 6.021665
2454970.356868 41279.457031 6.017923
2454970.377302 nan nan
2454970.397737 41294.164062 6.018713
2454970.418171 41283.019531 6.018177
2454970.438606 41279.785156 6.017999
2454970.459040 41282.531250 6.018110
2454970.479475 41283.335938 6.018176
2454970.499910 41291.710938 6.018565
2454970.520344 41278.328125 6.017908
2454970.540779 41286.488281 6.018433
2454970.561213 41290.644531 6.018480
2454970.581648 41283.867188 6.018252
2454970.602082 41292.656250 6.018613
2454970.622517 41301.304688 6.019095
2454970.642952 41290.320312 6.018543
2454970.663386 41287.832031 6.018476
2454970.683821 41277.738281 6.017925
2454970.704255 41259.136719 6.017048
2454970.724690 41247.660156 6.016386
2454970.745124 41218.820312 6.014868
2454970.765559 41203.550781 6.014010
2454970.785993 41175.453125 6.012552
2454970.806428 41161.468750 6.011874
2454970.826862 41145.398438 6.011071
2454970.847297 41154.019531 6.011417
2454970.867732 41134.355469 6.010505
2454970.888166 41143.656250 6.010972
2454970.908601 41159.089844 6.011693
2454970.929035 41168.574219 6.012217
2454970.949470 41189.812500 6.013296
2454970.969904 41198.601562 6.013830
2454970.990339 41228.832031 6.015305
2454971.010774 41222.410156 6.015122
2454971.031208 41257.707031 6.016901
2454971.051643 41266.476562 6.017323
2454971.072077 41260.097656 6.017013
2454971.092512 41269.750000 6.017526
2454971.112946 41276.039062 6.017881
2454971.133381 41279.765625 6.018022
2454971.153816 41254.500000 6.016737
2454971.174250 41261.785156 6.017104
2454971.194685 41249.394531 6.016469
2454971.215119 41266.253906 6.017337
2454971.235554 41253.625000 6.016617
2454971.255988 41271.203125 6.017520
2454971.276423 41272.386719 6.017585
2454971.296858 41274.550781 6.017698
2454971.317292 41251.582031 6.016521
2454971.337727 41267.382812 6.017414
2454971.358161 41270.664062 6.017563
2454971.378596 41261.695312 6.017063
2454971.399030 41241.292969 6.016109
2454971.419465 41235.335938 6.015702
2454971.439899 41231.652344 6.015508
2454971.460334 41209.218750 6.014285
2454971.480768 41174.156250 6.012513
2454971.501203 41167.464844 6.012140
2454971.521638 41133.171875 6.010407
2454971.542072 41126.820312 6.010021
2454971.562507 41115.718750 6.009613
2454971.582941 41116.859375 6.009462
2454971.603376 41079.121094 6.007576
2454971.623810 40201.496094 5.959498
2454971.644245 38161.097656 5.845730
2454971.664680 35464.851562 5.689669
2454971.685114 32517.927734 5.514508
2454971.705549 29863.623047 5.348463
2454971.725983 28813.486328 5.285313
2454971.746418 28819.978516 5.285769
2454971.766852 29373.310547 5.319110
2454971.787287 31778.583984 5.468311
2454971.807721 34745.488281 5.647612
2454971.828156 37567.664062 5.810314
2454971.848590 39838.648438 5.940410
2454971.869025 41103.324219 6.008802
2454971.889460 41234.074219 6.016992
2454971.909894 41230.285156 6.016721
2454971.930329 41224.156250 6.016439
2454971.950763 41214.812500 6.015906
2454971.971198 41220.644531 6.014893
2454971.991632 41223.527344 6.016404
2454972.012067 41246.652344 6.017596
2454972.032502 41242.031250 6.017427
2454972.052936 41255.199219 6.018116
2454972.073371 41245.574219 6.017483
2454972.093805 41248.234375 6.017002
2454972.114240 41242.570312 6.017432
2454972.134674 41215.488281 6.014733
2454972.155109 41230.894531 6.016775
2454972.175543 41198.921875 6.015154
2454972.195978 41185.097656 6.013044
2454972.216412 41153.722656 6.011465
2454972.236847 41141.074219 6.010790
2454972.257282 41116.167969 6.009470
2454972.277716 41112.753906 6.009353
2454972.298151 41111.238281 6.009193
2454972.318585 41094.007812 6.008310
2454972.339020 41099.542969 6.008560
2454972.359454 41096.402344 6.009160
2454972.379889 41124.613281 6.009945
2454972.400324 41144.289062 6.010975
2454972.420758 41152.078125 6.011343
2454972.441193 41176.457031 6.012654
2454972.461627 41179.683594 6.013481
2454972.482062 41214.359375 6.014614
2454972.502496 41228.304688 6.016658
2454972.522931 41238.625000 6.015855
2454972.543365 41233.894531 6.016987
2454972.563800 41257.570312 6.016881
2454972.584235 41439.066406 6.027651
2454972.604669 41248.585938 6.017108
2454972.625104 41251.875000 6.017876
2454972.645538 41228.304688 6.015386
2454972.665973 41219.039062 6.014862
2454972.686407 41218.125000 6.014777
2454972.706842 41227.054688 6.015305
2454972.727276 41238.121094 6.015806
2454972.747711 41237.500000 6.015898
2454972.768145 41243.746094 6.016078
2454972.788580 41240.187500 6.015871
2454972.809015 41239.367188 6.015946
2454972.829449 41237.273438 6.015842
2454972.849884 41246.226562 6.016310
2454972.870318 41227.410156 6.015275
2454972.890753 41205.765625 6.014084
2454972.911187 41205.453125 6.015434
2454972.931622 41184.464844 6.013015
2454972.952057 41171.546875 6.012343
2454972.972491 41144.214844 6.010962
2454972.992926 41129.800781 6.010089
2454973.013360 41124.468750 6.009910
2454973.033795 41103.527344 6.008844
2454973.054229 41105.390625 6.009505
2454973.074664 41109.324219 6.009134
2454973.095098 41110.406250 6.009228
2454973.115533 41122.355469 6.009799
2454973.135967 41127.882812 6.010017
2454973.156402 41157.386719 6.011640
2454973.176837 41176.855469 6.012630
2454973.197271 41205.121094 6.015394
2454973.217706 41208.683594 6.014965
2454973.238140 41220.402344 6.016249
2454973.258575 41237.417969 6.016420
2454973.279009 41232.703125 6.016871
2454973.299444 41243.796875 6.017439
2454973.319878 41237.839844 6.017051
2454973.340313 41246.312500 6.017666
2454973.360747 nan nan
2454973.381182 41234.328125 6.016968
2454973.401617 41226.031250 6.016522
2454973.422051 41224.316406 6.016457
2454973.442486 41234.000000 6.016881
2454973.462920 41230.128906 6.016624
2454973.483355 41235.468750 6.017037
2454973.503789 41236.800781 6.017107
2454973.524224 41238.917969 6.017247
2454973.544658 41244.105469 6.017468
2454973.565093 41228.882812 6.016822
2454973.585527 41229.343750 6.016691
2454973.605962 41218.507812 6.016152
2454973.626397 41199.949219 6.015134
2454973.646831 41187.011719 6.014463
2454973.667266 41176.648438 6.013941
2454973.687700 41138.542969 6.011959
2454973.708135 41140.332031 6.012069
2454973.728569 41119.265625 6.010990
2454973.749004 41092.441406 6.009676
2454973.769438 41095.640625 6.009773
2454973.789873 41083.605469 6.009144
2454973.810307 41087.421875 6.009332
2454973.830742 41099.015625 6.009940
2454973.851177 41099.429688 6.009962
2454973.871611 41117.363281 6.010926
2454973.892046 41148.980469 6.012599
2454973.912480 41155.261719 6.012900
2454973.932915 41175.566406 6.013948
2454973.953349 41193.144531 6.014910
2454973.973784 41213.058594 6.015889
2454973.994218 41226.609375 6.016600
2454974.014653 41524.156250 6.032071
2454974.035087 41155.398438 6.012881
2454974.055522 41155.351562 6.012963
2454974.075956 41155.253906 6.012827
2454974.096391 41148.921875 6.012556
2454974.116826 41131.902344 6.011650
2454974.137260 41133.347656 6.011827
2454974.157695 41139.207031 6.011965
2454974.178129 41135.316406 6.011959
2454974.198564 41161.515625 6.013194
2454974.218998 41151.828125 6.012700
2454974.239433 41141.835938 6.012135
2454974.259867 41154.101562 6.012834
2454974.280302 41155.738281 6.012928
2454974.300736 41153.109375 6.012759
2454974.321171 41147.902344 6.012502
2454974.341606 41142.421875 6.012282
2454974.362040 41136.933594 6.011977
2454974.382474 41103.410156 6.010274
2454974.402909 41087.023438 6.009366
2454974.423344 41065.351562 6.008276
2454974.443778 41057.074219 6.007812
2454974.464213 41035.917969 6.006811
2454974.484647 41036.558594 6.006802
2454974.505082 41012.265625 6.005561
2454974.525516 41012.617188 6.005497
2454974.545951 41014.914062 6.005648
2454974.566385 41037.996094 6.006880
2454974.586820 41035.515625 6.006722
2454974.607254 41046.800781 6.007337
2454974.627689 41060.312500 6.008065
2454974.648124 41091.734375 6.009659
2454974.668558 41106.328125 6.010357
2454974.688993 41122.109375 6.011168
2454974.709427 41145.792969 6.012477
2454974.729862 41133.964844 6.011864
2454974.750296 41161.703125 6.013318
2454974.770731 41144.300781 6.012357
2454974.791165 41154.312500 6.012876
2454974.811600 41147.160156 6.012509
2454974.832034 41137.910156 6.012089
2454974.852469 41140.617188 6.012169
2454974.872903 41136.937500 6.012031
2454974.893338 41133.757812 6.011839
2454974.913773 41135.003906 6.011837
2454974.934207 41140.296875 6.012205
2454974.954642 41149.125000 6.012571
2454974.975076 41148.074219 6.012635
2454974.995511 41145.281250 6.012391
2454975.015945 41158.339844 6.013098
2454975.036380 41154.488281 6.012885
2454975.056814 41141.996094 6.012262
2454975.077249 41123.996094 6.011369
2454975.097683 41124.714844 6.011339
2454975.118118 41136.839844 6.012024
2454975.138552 41087.199219 6.009417
2454975.158987 41073.707031 6.008705
2454975.179421 41047.851562 6.007331
2454975.199856 41031.394531 6.006517
2454975.220291 41011.234375 6.005479
2454975.240725 41021.195312 6.005932
2454975.261160 41021.066406 6.005900
2454975.281594 41018.394531 6.005814
2454975.302029 41022.503906 6.006023
2454975.322463 41036.652344 6.006809
2454975.342898 41059.132812 6.008042
2454975.363332 41068.886719 6.008446
2454975.383767 41081.742188 6.009063
2454975.404201 41116.472656 6.010988
2454975.424636 41128.257812 6.011531
2454975.445070 41132.054688 6.011820
2454975.465505 41142.914062 6.012316
2454975.485939 41144.687500 6.012453
2454975.506374 41139.847656 6.012164
2454975.526809 41143.710938 6.012422
2454975.547243 41152.246094 6.012815
2454975.567678 41141.128906 6.012233
2454975.588112 41143.238281 6.012325
2454975.608547 41150.246094 6.012759
2454975.628981 41136.816406 6.012010
2454975.649416 41142.953125 6.012286
2454975.669850 41153.839844 6.012885
2454975.690285 41151.070312 6.012758
2454975.710719 41149.859375 6.012690
2454975.731154 41155.742188 6.012949
2454975.751588 41149.097656 6.012633
2454975.772023 41144.843750 6.012418
2454975.792457 41140.718750 6.012248
2454975.812892 41129.605469 6.011602
2454975.833326 41111.960938 6.010649
2454975.853761 41090.472656 6.009598
2454975.874196 41082.203125 6.009105
2454975.894630 41057.375000 6.007954
2454975.915065 41048.199219 6.007367
2454975.935499 41017.734375 6.005853
2454975.955934 41015.421875 6.005625
2454975.976368 41021.363281 6.005951
2454975.996803 41014.648438 6.005693
2454976.017237 41014.761719 6.005589
2454976.037672 41023.105469 6.006068
2454976.058106 41020.484375 6.005854
2454976.078541 41046.390625 6.007307
2454976.098975 41056.171875 6.007783
2454976.119410 41060.156250 6.007985
2454976.139844 41083.050781 6.009212
2454976.160279 41115.281250 6.010847
2454976.180713 41132.808594 6.011829
2454976.201148 41133.785156 6.011906
2454976.221582 41159.375000 6.013077
2454976.242017 41135.523438 6.011970
2454976.262452 41151.589844 6.012735
2454976.282886 41142.714844 6.012222
2454976.303321 41144.281250 6.012388
2454976.323755 41136.281250 6.011921
2454976.344190 nan nan
2454976.364624 41143.917969 6.012393
2454976.385059 41142.972656 6.012270
2454976.405493 41143.804688 6.012349
2454976.425928 41146.039062 6.012426
2454976.446362 41148.242188 6.012564
2454976.466797 41142.625000 6.012295
2454976.487231 41116.347656 6.010836
2454976.507666 40704.304688 5.989409
2454976.528100 39890.628906 5.941311
2454976.548535 38764.011719 5.880227
2454976.568969 37435.214844 5.803164
2454976.589404 35926.074219 5.715316
2454976.609839 34284.179688 5.618413
2454976.630273 32554.285156 5.513443
2454976.650708 30821.957031 5.407202
2454976.671142 29155.937500 5.304549
2454976.691577 27757.554688 5.215855
2454976.712011 27097.091797 5.171774
2454976.732446 26961.421875 5.163429
2454976.752880 27072.625000 5.170317
2454976.773315 27693.777344 5.211822
2454976.793749 29066.365234 5.297475
2454976.814184 30720.796875 5.401258
2454976.834618 32467.726562 5.508433
2454976.855053 34169.132812 5.611946
2454976.875487 35830.175781 5.710075
2454976.895922 37357.269531 5.799013
2454976.916356 38694.136719 5.876543
2454976.936791 39824.394531 5.937830
2454976.957225 40662.695312 5.987360
2454976.977660 41106.218750 6.012707
2454976.998094 41136.621094 6.014251
2454977.018529 41141.949219 6.014498
2454977.038963 41145.066406 6.014708
2454977.059398 41150.902344 6.014982
2454977.079832 41146.882812 6.014818
2454977.100267 41129.906250 6.013929
2454977.120702 41146.503906 6.014771
2454977.141136 41135.968750 6.014276
2454977.161570 41128.855469 6.013887
2454977.182005 41138.035156 6.014359
2454977.202440 41140.617188 6.014472
2454977.222874 41141.972656 6.014570
2454977.243309 41122.343750 6.013563
2454977.263743 41123.835938 6.013597
2454977.284178 41112.675781 6.013040
2454977.304612 41086.570312 6.011647
2454977.325047 41077.882812 6.011270
2454977.345481 41051.664062 6.009966
2454977.365916 41021.519531 6.008343
2454977.386350 41020.148438 6.008329
2454977.406785 41016.894531 6.008095
2454977.427219 40997.382812 6.007167
2454977.447654 40999.914062 6.007187
2454977.468088 40979.011719 6.006087
2454977.488523 40976.398438 6.005932
2454977.508957 40991.648438 6.006776
2454977.529392 41013.960938 6.007919
2454977.549826 41022.496094 6.008389
2454977.570261 41048.742188 6.009777
2454977.590695 41067.507812 6.010671
2454977.611130 41092.527344 6.012041
2454977.631564 41102.203125 6.012571
2454977.651999 41110.406250 6.012940
2454977.672433 41116.156250 6.013232
2454977.692868 41134.156250 6.014245
2454977.713302 41129.941406 6.013845
2454977.733737 41136.722656 6.014325
2454977.754172 41127.472656 6.013826
2454977.774606 41134.390625 6.014167
2454977.795040 41150.328125 6.015012
2454977.815475 41128.730469 6.013892
2454977.835910 41153.878906 6.015244
2454977.856344 41121.816406 6.013525
2454977.876779 41140.136719 6.014549
2454977.897213 41132.144531 6.014106
2454977.917648 41127.195312 6.013908
2454977.938082 41143.417969 6.014612
2454977.958517 41135.402344 6.014260
2454977.978951 41126.023438 6.013791
2454977.999386 41101.968750 6.012495
2454978.019820 41089.621094 6.011854
2454978.040255 41094.210938 6.012071
2454978.060689 41063.996094 6.010565
2454978.081124 41040.035156 6.009367
2454978.101558 41024.164062 6.008460
2454978.121993 41006.082031 6.007536
2454978.142427 41008.195312 6.007700
2454978.162862 40985.421875 6.005575
2454978.183296 40990.695312 6.006709
2454978.203731 40992.230469 6.006841
2454978.224165 40994.843750 6.006863
2454978.244600 41007.636719 6.007559
2454978.265034 41002.656250 6.007436
2454978.285469 41026.558594 6.008674
2454978.305903 41043.980469 6.009501
2454978.326338 41064.109375 6.010609
2454978.346772 41068.722656 6.010799
2454978.367207 41104.246094 6.012608
2454978.387641 41113.796875 6.013149
2454978.408076 41128.160156 6.013855
2454978.428510 41114.089844 6.013183
2454978.448945 41131.273438 6.013978
2454978.469379 41130.093750 6.014028
2454978.489814 41122.632812 6.013640
2454978.510248 41133.828125 6.014167
2454978.530683 41140.488281 6.014465
2454978.551117 41137.265625 6.014338
2454978.571552 41123.175781 6.013611
2454978.591986 41125.230469 6.013750
2454978.612421 41134.097656 6.014181
2454978.632856 41136.820312 6.014322
2454978.653290 41126.875000 6.013775
2454978.673724 41134.843750 6.014221
2454978.694159 41125.390625 6.011791
2454978.714593 41110.507812 6.010988
2454978.735028 41106.226562 6.010776
2454978.755463 41094.574219 6.010133
2454978.775897 41060.886719 6.008370
2454978.796332 41049.535156 6.007911
2454978.816766 41023.433594 6.006443
2454978.837200 41024.902344 6.006492
2454978.857635 41005.671875 6.005501
2454978.878070 40982.964844 6.004375
2454978.898504 40981.660156 6.004273
2454978.918939 40987.230469 6.004567
2454978.939373 40967.699219 6.003525
2454978.959807 40985.554688 6.004469
2454978.980242 40983.285156 6.004331
2454979.000677 41006.574219 6.005572
2454979.021111 41014.972656 6.006012
2454979.041546 41021.332031 6.006348
2454979.061980 41056.023438 6.008148
2454979.082415 41058.527344 6.008332
2454979.102849 41084.953125 6.009627
2454979.123284 41090.183594 6.009971
2454979.143718 41100.488281 6.010434
2454979.164153 41124.804688 6.011685
2454979.184587 41114.222656 6.011142
2454979.205022 41112.578125 6.011118
2454979.225456 41130.011719 6.011959
2454979.245891 41104.171875 6.010725
2454979.266325 41125.863281 6.011763
2454979.286760 41110.476562 6.011000
2454979.307194 41114.144531 6.011215
2454979.327629 nan nan
2454979.348063 41122.585938 6.011586
2454979.368498 41111.039062 6.011070
2454979.388932 41109.468750 6.010830
2454979.409367 41108.910156 6.010858
2454979.429801 41114.210938 6.011150
2454979.450236 41105.125000 6.010692
2454979.470670 41106.375000 6.010688
2454979.491105 41065.207031 6.008622
2454979.511539 41050.980469 6.007940
2454979.531974 41028.683594 6.006658
2454979.552408 41031.812500 6.006809
2454979.572843 41006.007812 6.005538
2454979.593277 40987.257812 6.004598
2454979.613712 40970.574219 6.003624
2454979.634146 40974.816406 6.003839
2454979.654581 40967.441406 6.003500
2454979.675015 40957.593750 6.003001
2454979.695450 40963.058594 6.003300
2454979.715884 40983.781250 6.004354
2454979.736319 40984.175781 6.004419
2454979.756753 41007.050781 6.005642
2454979.777188 41025.996094 6.006663
2454979.797622 41042.617188 6.007492
2454979.818057 41061.261719 6.008438
2454979.838491 41079.339844 6.009473
2454979.858926 41097.945312 6.010368
2454979.879360 41101.324219 6.010571
2454979.899795 41122.796875 6.011700
2454979.920229 41105.476562 6.010780
2454979.940664 41115.851562 6.011363
2454979.961098 41109.878906 6.011028
2454979.981533 41117.929688 6.011422
2454980.001967 41106.402344 6.010814
2454980.022402 41102.195312 6.010604
2454980.042836 41113.386719 6.011176
2454980.063271 41101.304688 6.010569
2454980.083705 41092.617188 6.010142
2454980.104140 41110.160156 6.011014
2454980.124574 41105.234375 6.010727
2454980.145008 41100.804688 6.010504
2454980.165443 41096.058594 6.010163
2454980.185878 41105.507812 6.010911
2454980.206312 41094.792969 6.010265
2454980.226747 41074.234375 6.009171
2454980.247181 41043.691406 6.007571
2454980.267616 41023.730469 6.006443
2454980.288050 41010.312500 6.005716
2454980.308484 41001.843750 6.005340
2454980.328919 40984.355469 6.004395
2454980.349353 40984.820312 6.004395
2454980.369788 40958.933594 6.003061
2454980.390222 40955.003906 6.002902
2454980.410657 40952.519531 6.002712
2454980.431091 40966.351562 6.003447
2454980.451526 40958.960938 6.003076
2454980.471960 40982.503906 6.004245
2454980.492395 40993.203125 6.004896
2454980.512829 41009.746094 6.005767
2454980.533264 41041.839844 6.007368
2454980.553698 41061.023438 6.008434
2454980.574133 41064.824219 6.008569
2454980.594567 41081.171875 6.009445
2454980.615002 41081.656250 6.009406
2454980.635436 41091.921875 6.009981
2454980.655871 41101.132812 6.010487
2454980.676305 41103.101562 6.010545
2454980.696740 41102.207031 6.010609
2454980.717174 41097.937500 6.010350
2454980.737609 41101.453125 6.010430
2454980.758043 41095.937500 6.010228
2454980.778478 41101.882812 6.010484
2454980.798912 41164.476562 6.013764
2454980.819347 41095.000000 6.010132
2454980.839781 41102.371094 6.010568
2454980.860216 41094.988281 6.010050
2454980.880650 41083.789062 6.009612
2454980.901085 nan nan
2454980.921519 41077.796875 6.009172
2454980.941954 41064.222656 6.008541
2454980.962388 41045.410156 6.007497
2454980.982823 41035.406250 6.007069
2454981.003257 41017.781250 6.006087
2454981.023692 40985.171875 6.004354
2454981.044126 40978.300781 6.004038
2454981.064561 40958.351562 6.003049
2454981.084995 40939.304688 6.002086
2454981.105430 40953.472656 6.001091
2454981.125864 40927.476562 5.998045
2454981.146298 40928.984375 5.999751
2454981.166733 40949.484375 6.002558
2454981.187167 40952.691406 5.999313
2454981.207602 40964.066406 5.999923
2454981.228036 40977.890625 6.000617
2454981.248471 40990.339844 6.001295
2454981.268905 41007.964844 6.002236
2454981.289340 41034.429688 6.006967
2454981.309774 41054.292969 6.008054
2454981.330209 41067.468750 6.008718
2454981.350643 41076.039062 6.009175
2454981.371078 41084.515625 6.009562
2454981.391512 41075.812500 6.009114
2454981.411947 41098.171875 6.010270
2454981.432381 41093.769531 6.010023
2454981.452816 41086.136719 6.009665
2454981.473250 41075.523438 6.009087
2454981.493685 41081.730469 6.009400
2454981.514119 41074.796875 6.007359
2454981.534554 41065.175781 6.008516
2454981.554988 41072.269531 6.008928
2454981.575423 41066.023438 6.008570
2454981.595857 41056.375000 6.004768
2454981.616292 41071.765625 6.008856
2454981.636726 41034.539062 6.003795
2454981.657161 41043.859375 6.004094
2454981.677595 41034.691406 6.003656
2454981.698030 41009.312500 6.002276
2454981.718464 40996.148438 6.001589
2454981.738898 40979.320312 6.000800
2454981.759333 40948.054688 5.999079
2454981.779768 40934.484375 5.998461
2454981.800202 40924.574219 5.997908
2454981.820636 40908.582031 5.996988
2454981.841071 40903.125000 5.996776
2454981.861505 40888.554688 5.996053
2454981.881940 40905.605469 5.996899
2454981.902374 40913.695312 5.997252
2454981.922809 40524.480469 5.977026
2454981.943243 38891.875000 5.887313
2454981.963678 36426.546875 5.745075
2454981.984112 33549.722656 5.577173
2454982.004547 30697.078125 5.400027
2454982.024981 28858.371094 5.284923
2454982.045416 28719.146484 5.276403
2454982.065850 28844.273438 5.284050
2454982.086285 30599.958984 5.394355
2454982.106719 33441.078125 5.567640
2454982.127154 36342.664062 5.740554
2454982.147588 38867.285156 5.886017
2454982.168022 40595.855469 5.980844
2454982.188457 41047.421875 6.006613
2454982.208892 41046.300781 6.006424
2454982.229326 41044.851562 6.006504
2454982.249760 41052.238281 6.006862
2454982.270195 41041.109375 6.006274
2454982.290629 41043.480469 6.006397
2454982.311064 nan nan
2454982.331498 41041.355469 6.006277
2454982.351933 41040.234375 6.006270
2454982.372367 41035.539062 6.005991
2454982.392802 41021.433594 6.005164
2454982.413236 41015.617188 6.004952
2454982.433671 40995.898438 6.003990
2454982.454105 40969.394531 6.002566
2454982.474540 40951.929688 6.001719
2454982.494974 40948.890625 6.001556
2454982.515409 40926.644531 6.000279
2454982.535843 40917.097656 5.999765
2454982.556278 40904.695312 5.999190
2454982.576712 40900.261719 5.998913
2454982.597147 40893.160156 5.998532
2454982.617581 40894.730469 5.998616
2454982.638015 40895.351562 5.998700
2454982.658450 40904.335938 5.999112
2454982.678884 40935.472656 6.000695
2454982.699319 40950.656250 6.001577
2454982.719753 40948.042969 6.001490
2454982.740188 40988.062500 6.003513
2454982.760622 40995.398438 6.003877
2454982.781057 41013.175781 6.004844
2454982.801491 41034.328125 6.005956
2454982.821926 41042.218750 6.006358
2454982.842360 41054.316406 6.006972
2454982.862795 41052.792969 6.006944
2454982.883229 41044.496094 6.006496
2454982.903664 41054.929688 6.007005
2454982.924098 41041.710938 6.006337
2454982.944533 41060.312500 6.007285
2454982.964967 41051.167969 6.006808
2454982.985401 41044.847656 6.006558
2454983.005836 41039.078125 6.006210
2454983.026270 41060.472656 6.007245
2454983.046705 41041.312500 6.006369
2454983.067139 41043.843750 6.006414
2454983.087574 41029.902344 6.005780
2454983.108008 41038.632812 6.006147
2454983.128443 41019.636719 6.005201
2454983.148877 41012.246094 6.004802
2454983.169312 40982.562500 6.003264
2454983.189746 40973.972656 6.002818
2454983.210181 40953.128906 6.001697
2454983.230615 40932.425781 6.000630
2454983.251050 40912.910156 5.999676
2454983.271484 40903.464844 5.999041
2454983.291919 40899.867188 5.998953
2454983.312353 40892.281250 5.998536
2454983.332787 40880.933594 5.997962
2454983.353222 40893.097656 5.998531
2454983.373656 40900.562500 5.998950
2454983.394091 40908.226562 5.999331
2454983.414525 40919.066406 5.999990
2454983.434960 40934.476562 6.000785
2454983.455394 40947.003906 6.001387
2454983.475829 40980.835938 6.003172
2454983.496263 40994.167969 6.003778
2454983.516698 41017.917969 6.005059
2454983.537132 41014.437500 6.004879
2454983.557566 41039.085938 6.006112
2454983.578001 41035.570312 6.005981
2454983.598436 41047.152344 6.006541
2454983.618870 41037.773438 6.006052
2454983.639304 41037.535156 6.006074
2454983.659739 41025.687500 6.005462
2454983.680173 41037.597656 6.006037
2454983.700608 41035.152344 6.005905
2454983.721042 41019.640625 6.005147
2454983.741477 41020.207031 6.005112
2454983.761911 41017.167969 6.004989
2454983.782346 41019.933594 6.005066
2454983.802780 41022.906250 6.005307
2454983.823215 41002.250000 6.004278
2454983.843649 41004.722656 6.004249
2454983.864084 40994.113281 6.003778
2454983.884518 40982.500000 6.003207
2454983.904952 40971.082031 6.002541
2454983.925387 40944.363281 6.001208
2454983.945821 40915.800781 5.999632
2454983.966256 40916.550781 5.999627
2454983.986690 40883.261719 5.997987
2454984.007125 40879.023438 5.997735
2454984.027559 40860.546875 5.996833
2454984.047994 40863.347656 5.996939
2454984.068428 40873.917969 5.997510
2454984.088863 40864.882812 5.997006
2454984.109297 40876.695312 5.997693
2454984.129731 40868.929688 5.997204
2454984.150166 40901.460938 5.998903
2454984.170600 40909.296875 5.999297
2454984.191035 40930.332031 6.000455
2454984.211469 40955.285156 6.001736
2454984.231904 40985.933594 6.003290
2454984.252338 40990.492188 6.003561
2454984.272773 41012.144531 6.004597
2454984.293207 41000.140625 6.004089
2454984.313642 40999.027344 6.003937
2454984.334076 41000.699219 6.004013
2454984.354510 41000.984375 6.004128
2454984.374945 41005.960938 6.004351
2454984.395379 41020.015625 6.005110
2454984.415814 41001.730469 6.004133
2454984.436248 40992.703125 6.003597
2454984.456683 40995.375000 6.003784
2454984.477117 40998.250000 6.004148
2454984.497552 40986.464844 6.003334
2454984.517986 40990.953125 6.003528
2454984.538421 40983.667969 6.003111
2454984.558855 40984.957031 6.003246
2454984.579289 40969.621094 6.002440
2454984.599724 40961.246094 6.001970
2454984.620158 40942.949219 6.001060
2454984.640593 40931.933594 6.000503
2454984.661027 nan nan
2454984.681462 40894.757812 5.998513
2454984.701896 40867.421875 5.997097
2454984.722331 40852.886719 5.996302
2454984.742765 40844.984375 5.995904
2454984.763200 40836.320312 5.995471
2454984.783634 40831.445312 5.995225
2454984.804068 40824.910156 5.994900
2454984.824503 40846.871094 5.995917
2454984.844937 40848.507812 5.996096
2454984.865372 40863.640625 5.996928
2454984.885806 40880.582031 5.997707
2454984.906241 40892.953125 5.998436
2454984.926675 40905.320312 5.999107
2454984.947110 40933.398438 6.000587
2454984.967544 40959.203125 6.001878
2454984.987979 40968.164062 6.002332
2454985.008413 40991.585938 6.003538
2454985.028847 40985.957031 6.003301
2454985.049282 40991.937500 6.003639
2454985.069716 41001.449219 6.004117
2454985.090151 40992.949219 6.003590
2454985.110585 40984.136719 6.003226
2454985.131020 40988.617188 6.003411
2454985.151454 40993.664062 6.003699
2454985.171889 40979.210938 6.002911
2454985.192323 40977.429688 6.002829
2454985.212757 40989.296875 6.003449
2454985.233192 40988.785156 6.003365
2454985.253626 40970.769531 6.002420
2454985.274061 40981.812500 6.003025
2454985.294495 nan nan
2454985.314930 40953.078125 6.001563
2454985.335364 40956.980469 6.001716
2454985.355799 40929.093750 6.000344
2454985.376233 40918.707031 5.999793
2454985.396668 40901.414062 5.998901
2454985.417102 40888.339844 5.998114
2454985.437536 40859.410156 5.996660
2454985.457971 40849.339844 5.996104
2454985.478405 40844.175781 5.995833
2454985.498840 40839.640625 5.995650
2454985.519274 40829.515625 5.995094
2454985.539709 40829.582031 5.995182
2454985.560143 40834.949219 5.995359
2454985.580577 40834.757812 5.995357
2454985.601012 40852.621094 5.996311
2454985.621446 40875.074219 5.997453
2454985.641881 40892.972656 5.998416
2454985.662315 nan nan
2454985.682750 40940.667969 6.000975
2454985.703184 40936.101562 6.000627
2454985.723619 40962.363281 6.002028
2454985.744053 40968.828125 6.002375
2454985.764488 40981.222656 6.002993
2454985.784922 40986.191406 6.003507
2454985.805356 40977.683594 6.002843
2454985.825791 40830.691406 6.003450
2454985.846225 40961.441406 6.001985
2454985.866660 40975.285156 6.002708
2454985.887094 40982.480469 6.003093
2454985.907529 40993.597656 6.003710
2454985.927963 40988.660156 6.003402
2454985.948397 40979.328125 6.002898
2454985.968832 40985.886719 6.003222
2454985.989266 40982.812500 6.003109
2454986.009701 40972.414062 6.002522
2454986.030135 40973.187500 6.002650
2454986.050570 40960.636719 6.002041
2454986.071004 40950.687500 6.001504
2454986.091438 40919.699219 5.999845
2454986.111873 40900.687500 5.998902
2454986.132307 40885.855469 5.998127
2454986.152742 40863.933594 5.996921
2454986.173176 40856.160156 5.996529
2454986.193611 40826.031250 5.995022
2454986.214045 40826.589844 5.995018
2454986.234480 40801.871094 5.993735
2454986.254914 40810.804688 5.994227
2454986.275349 40814.656250 5.994358
2454986.295783 40808.375000 5.994027
2454986.316217 40826.953125 5.995002
2454986.336652 40840.996094 5.995786
2454986.357086 40851.457031 5.996248
2454986.377521 40875.992188 5.997537
2454986.397955 40900.769531 5.998859
2454986.418390 40908.468750 5.999384
2454986.438824 40939.960938 6.000983
2454986.459258 40943.953125 6.001105
2454986.479693 40954.257812 6.001681
2454986.500127 40960.890625 6.001987
2454986.520562 40964.769531 6.002189
2454986.540996 40953.128906 6.001605
2454986.561431 40962.652344 6.002069
2454986.581865 40954.781250 6.001689
2454986.602299 40952.671875 6.003925
2454986.622734 40955.152344 6.002845
2454986.643168 40944.566406 6.003513
2454986.663603 40941.019531 6.000982
2454986.684037 40949.437500 6.001367
2454986.704472 40942.109375 6.001006
2454986.724906 40950.785156 6.003749
2454986.745341 40946.527344 6.003544
2454986.765775 40925.472656 6.002478
2454986.786209 40921.410156 5.999890
2454986.806644 40707.265625 5.986861
2454986.827078 40022.292969 5.947492
2454986.847513 39015.421875 5.894343
2454986.867947 37762.152344 5.821320
2454986.888381 36318.773438 5.739508
2454986.908816 34726.835938 5.645679
2454986.929250 33043.792969 5.547180
2454986.949685 31315.679688 5.439815
2454986.970119 29628.324219 5.335519
2454986.990554 28105.197266 5.235996
2454987.010988 27118.339844 5.172123
2454987.031423 26857.253906 5.156018
2454987.051857 26887.601562 5.157795
2454987.072291 27236.193359 5.182692
2454987.092726 28364.925781 5.251835
2454987.113160 29937.937500 5.354011
2454987.133595 31653.996094 5.459496
2454987.154029 33385.394531 5.566648
2454987.174464 35054.824219 5.666293
2454987.194898 36622.890625 5.757507
2454987.215332 38037.886719 5.838565
2454987.235767 39236.386719 5.905911
2454987.256201 40191.378906 5.959741
2454987.276636 40794.355469 5.993791
2454987.297070 40949.500000 6.001758
2454987.317505 40941.820312 6.001452
2454987.337939 40938.316406 6.001229
2454987.358373 40933.746094 6.000988
2454987.378808 40918.332031 6.000180
2454987.399242 40923.000000 6.000397
2454987.419677 40936.667969 6.001115
2454987.440111 40927.742188 6.000706
2454987.460546 40926.929688 6.000588
2454987.480980 40915.007812 6.000034
2454987.501414 40915.113281 6.000030
2454987.521849 40916.949219 6.000101
2454987.542283 40894.488281 5.998943
2454987.562718 40883.914062 5.998353
2454987.583152 40859.214844 5.997137
2454987.603586 40848.574219 5.996571
2454987.624021 40829.195312 5.995810
2454987.644455 40811.828125 5.994583
2454987.664890 40804.613281 5.994237
2454987.685324 40784.652344 5.993136
2454987.705759 40792.871094 5.993527
2454987.726193 40783.742188 5.993115
2454987.746627 40787.324219 5.993260
2454987.767062 40794.101562 5.993660
2454987.787496 40804.300781 5.994186
2454987.807931 40804.906250 5.994280
2454987.828365 40835.316406 5.995821
2454987.848799 40854.546875 5.996832
2454987.869234 40865.460938 5.997458
2454987.889668 40882.570312 5.998312
2454987.910103 40896.992188 5.999026
2454987.930537 40902.984375 5.999320
2454987.950972 40917.023438 6.000072
2454987.971406 40907.351562 5.999485
2454987.991841 40929.804688 6.000677
2454988.012275 40912.402344 5.999829
2454988.032709 40928.320312 6.000560
2454988.053144 40909.250000 5.999701
2454988.073578 40917.175781 5.999965
2454988.094013 40908.808594 5.999523
2454988.114447 40908.074219 5.999610
2454988.134881 40907.675781 5.999560
2454988.155316 40919.535156 6.000106
2454988.175750 40910.769531 5.999685
2454988.196185 40925.222656 6.000473
2454988.216619 40915.523438 5.999943
2454988.237054 40905.648438 5.999375
2454988.257488 40906.031250 5.999382
2454988.277922 nan nan
2454988.298357 40877.808594 5.997972
2454988.318791 40864.468750 5.997199
2454988.339226 40846.289062 5.996235
2454988.359660 40810.359375 5.994475
2454988.380094 40805.042969 5.994122
2454988.400529 40780.007812 5.992833
2454988.420963 40779.621094 5.992784
2454988.441398 40770.132812 5.992310
2454988.461832 40780.714844 5.992890
2454988.482267 40781.613281 5.992858
2454988.502701 40797.054688 5.993672
2454988.523135 40802.238281 5.993955
2454988.543570 40812.164062 5.994479
2454988.564004 nan nan
2454988.584439 40849.917969 5.996494
2454988.604873 40865.765625 5.997235
2454988.625307 40888.597656 5.998502
2454988.645742 40905.476562 5.999376
2454988.666176 40923.683594 6.000329
2454988.686611 40934.812500 6.000948
2454988.707045 40923.722656 6.000355
2454988.727479 40950.773438 6.001645
2454988.747914 40922.199219 6.000249
2454988.768348 40939.625000 6.001085
2454988.788783 40924.386719 6.000381
2454988.809217 40914.472656 5.999860
2454988.829652 40906.035156 5.999399
2454988.850086 40915.156250 5.999856
2454988.870520 40904.179688 5.999364
2454988.890955 40917.289062 5.999939
2454988.911389 40918.296875 6.000065
2454988.931824 40909.746094 5.999606
2454988.952258 40918.382812 5.999964
2454988.972693 40901.324219 5.999077
2454988.993127 40888.128906 5.998439
2454989.013561 40889.886719 5.998535
2454989.033996 40858.617188 5.996875
2454989.054430 40847.976562 5.996385
2454989.074864 40846.667969 5.996319
2454989.095299 40831.632812 5.995491
2454989.115733 40829.179688 5.995333
2454989.136168 40804.160156 5.994017
2454989.156602 40798.824219 5.993721
2454989.177036 40772.609375 5.992332
2454989.197471 40810.703125 5.994357
2454989.217905 40763.851562 5.991936
2454989.238340 40779.433594 5.992795
2454989.258774 40797.343750 5.993657
2454989.279209 40817.464844 5.994790
2454989.299643 40838.492188 5.995797
2454989.320077 40850.867188 5.996481
2454989.340512 40863.718750 5.997167
2454989.360946 40879.222656 5.997945
2454989.381381 40904.234375 5.999269
2454989.401815 40909.406250 5.999496
2454989.422249 40918.164062 5.999984
2454989.442684 40915.480469 5.999887
2454989.463118 40909.082031 5.999532
2454989.483553 40912.171875 5.999705
2454989.503987 40915.656250 5.999819
2454989.524421 40907.125000 5.999396
2454989.544856 40902.519531 5.999071
2454989.565290 40900.980469 5.999077
2454989.585725 40897.429688 5.998880
2454989.606159 40893.226562 5.998672
2454989.626593 40884.332031 5.998160
2454989.647028 40902.378906 5.999092
2454989.667462 40896.363281 5.998827
2454989.687897 40901.761719 5.999098
2454989.708331 40897.976562 5.998940
2454989.728765 40878.949219 5.997873
2454989.749200 40865.917969 5.993932
2454989.769634 40845.328125 5.996130
2454989.790069 40833.832031 5.995517
2454989.810503 40829.003906 5.992032
2454989.830937 40805.199219 5.990741
2454989.851372 40795.882812 5.990167
2454989.871806 40780.167969 5.989429
2454989.892241 40776.691406 5.989333
2454989.912675 40770.304688 5.989006
2454989.933110 40756.207031 5.988204
2454989.953544 40785.242188 5.989687
2454989.973978 40781.289062 5.989458
2454989.994413 40783.707031 5.989670
2454990.014847 40791.289062 5.990046
2454990.035281 40823.925781 5.991628
2454990.055716 40842.347656 5.992716
2454990.076150 40865.574219 5.993932
2454990.096585 40887.441406 5.995107
2454990.117019 40911.316406 5.996254
2454990.137454 40907.214844 5.995991
2454990.157888 40902.050781 5.995841
2454990.178322 40913.472656 5.996343
2454990.198757 40912.390625 5.996329
2454990.219191 40910.816406 5.999505
2454990.239625 40894.402344 5.995313
2454990.260060 40911.160156 5.996189
2454990.280494 40899.378906 5.995614
2454990.300929 40895.367188 5.995450
2454990.321363 40919.210938 5.996592
2454990.341797 40893.332031 5.995318
2454990.362232 40902.304688 5.995713
2454990.382666 40902.187500 5.995798
2454990.403101 40901.792969 5.995738
2454990.423535 40886.464844 5.994926
2454990.443969 40874.906250 5.994276
2454990.464404 40880.179688 5.994558
2454990.484838 40860.472656 5.993570
2454990.505273 40835.277344 5.992286
2454990.525707 40836.597656 5.992266
2454990.546141 40807.902344 5.990773
2454990.566576 40802.367188 5.990484
2454990.587010 40772.468750 5.988978
2454990.607444 40771.378906 5.988861
2454990.627879 40790.457031 5.989835
2454990.648313 40762.292969 5.988418
2454990.668748 40760.347656 5.988283
2454990.689182 40759.382812 5.988227
2454990.709616 40801.531250 5.990379
2454990.730051 40798.691406 5.990279
2454990.750485 40802.593750 5.990463
2454990.770920 40818.113281 5.991277
2454990.791354 40849.003906 5.992834
2454990.811788 40860.972656 5.993453
2454990.832223 40883.367188 5.994718
2454990.852657 40879.816406 5.994504
2454990.873092 40900.410156 5.995545
2454990.893526 40907.371094 5.995923
2454990.913960 40903.816406 5.995778
2454990.934395 40914.457031 5.996212
2454990.954829 40907.066406 5.995841
2454990.975264 40911.160156 5.996180
2454990.995698 40886.695312 5.994775
2454991.016132 40891.996094 5.995138
2454991.036567 40886.863281 5.994812
2454991.057001 40898.183594 5.995341
2454991.077435 40886.546875 5.994890
2454991.097870 40889.714844 5.995016
2454991.118304 40884.023438 5.994624
2454991.138739 40875.488281 5.994176
2454991.159173 40875.121094 5.994190
2454991.179607 40864.429688 5.993638
2454991.200042 40852.246094 5.992908
2454991.220476 40832.410156 5.991910
2454991.240911 40823.687500 5.991505
2454991.261345 nan nan
2454991.281779 40793.769531 5.989893
2454991.302214 40768.632812 5.988658
2454991.322648 40762.625000 5.988222
2454991.343082 40747.347656 5.987478
2454991.363517 40747.605469 5.987548
2454991.383951 40746.664062 5.987400
2454991.404386 40739.593750 5.987120
2454991.424820 40762.796875 5.988287
2454991.445254 40753.589844 5.987780
2454991.465689 40757.746094 5.988047
2454991.486123 40782.261719 5.989251
2454991.506558 40801.089844 5.990349
2454991.526992 40818.785156 5.991203
2454991.547426 40847.230469 5.992652
2454991.567861 40864.589844 5.993562
2454991.588295 40867.761719 5.993821
2454991.608730 40871.285156 5.993959
2454991.629164 40891.863281 5.994997
2454991.649598 40899.652344 5.995460
2454991.670033 40878.078125 5.995543
2454991.690467 40890.148438 5.994854
2454991.710901 40880.285156 5.996856
2454991.731336 40877.726562 5.994253
2454991.751770 40863.894531 5.993603
2454991.772205 40861.667969 5.993368
2454991.792639 40863.332031 5.995962
2454991.813073 40861.160156 5.995788
2454991.833508 40862.250000 5.995842
2454991.853942 40849.308594 5.995237
2454991.874376 40849.492188 5.992820
2454991.894811 40838.507812 5.994629
2454991.915245 40843.242188 5.994893
2454991.935680 40604.281250 5.993220
2454991.956114 40802.933594 5.992818
2454991.976548 40792.546875 5.992298
2454991.996983 40771.636719 5.989905
2454992.017417 40754.132812 5.987747
2454992.037852 40747.742188 5.989898
2454992.058286 40729.308594 5.988966
2454992.078720 40708.105469 5.987858
2454992.099155 40713.296875 5.988135
2454992.119589 40710.605469 5.987994
2454992.140023 40719.746094 5.986040
2454992.160458 40717.789062 5.988328
2454992.180892 40721.820312 5.988534
2454992.201326 40728.609375 5.988883
2454992.221761 40650.664062 5.984816
2454992.242195 39506.652344 5.922116
2454992.262630 37321.515625 5.797526
2454992.283064 34596.761719 5.636789
2454992.303498 31675.484375 5.462634
2454992.323933 29238.533203 5.307845
2454992.344367 28598.652344 5.267859
2454992.364802 28602.500000 5.268093
2454992.385236 29521.064453 5.324788
2454992.405670 32128.507812 5.488965
2454992.426105 35049.167969 5.664560
2454992.446539 37758.769531 5.823555
2454992.466973 39845.050781 5.940019
2454992.487408 40776.824219 5.991439
2454992.507842 40823.484375 5.993867
2454992.528276 40834.656250 5.994406
2454992.548711 40826.511719 5.993961
2454992.569145 40823.371094 5.993848
2454992.589580 40814.394531 5.993321
2454992.610014 40810.929688 5.993208
2454992.630448 40819.550781 5.993603
2454992.650883 40809.074219 5.993178
2454992.671317 40793.843750 5.992273
2454992.691751 40769.503906 5.991042
2454992.712186 40756.566406 5.990257
2454992.732620 40758.546875 5.990508
2454992.753055 40751.625000 5.990073
2454992.773489 40748.492188 5.989916
2454992.793923 40726.960938 5.988819
2454992.814358 40711.472656 5.987984
2454992.834792 40710.042969 5.987837
2454992.855226 40692.671875 5.986958
2454992.875661 40717.539062 5.988193
2454992.896095 40711.351562 5.987985
2454992.916529 40733.664062 5.989078
2454992.936964 40732.992188 5.989038
2454992.957398 40753.019531 5.990083
2454992.977833 40747.792969 5.989742
2454992.998267 40782.917969 5.991630
2454993.018701 40802.875000 5.992648
2454993.039136 40824.554688 5.993854
2454993.059570 40828.984375 5.993976
2454993.080004 40833.871094 5.994255
2454993.100439 40848.972656 5.995063
2454993.120873 40849.511719 5.995120
2454993.141308 40849.796875 5.995103
2454993.161742 40842.300781 5.994720
2454993.182176 40855.351562 5.995463
2454993.202611 40838.476562 5.994487
2454993.223045 40840.437500 5.994639
2454993.243479 40839.906250 5.994559
2454993.263914 40836.523438 5.994377
2454993.284348 40843.492188 5.994793
2454993.304782 40840.945312 5.994671
2454993.325217 40839.898438 5.994594
2454993.345651 40822.218750 5.993669
2454993.366086 40825.671875 5.993842
2454993.386520 40801.097656 5.992555
2454993.406954 40801.187500 5.992624
2454993.427389 40787.703125 5.991876
2454993.447823 40768.031250 5.991001
2454993.468257 40768.402344 5.990832
2454993.488692 40739.996094 5.989334
2454993.509126 40735.179688 5.989124
2454993.529560 40713.304688 5.987920
2454993.549995 40701.062500 5.987301
2454993.570429 40698.195312 5.987158
2454993.590863 40704.539062 5.987618
2454993.611298 40689.492188 5.986755
2454993.631732 40712.156250 5.987803
2454993.652167 40710.078125 5.987714
2454993.672601 40726.398438 5.988626
2454993.693035 40743.152344 5.989495
2454993.713470 40762.785156 5.990445
2454993.733904 40792.355469 5.992115
2454993.754338 40809.773438 5.992979
2454993.774773 40816.007812 5.993319
2454993.795207 40836.355469 5.994324
2454993.815641 40822.613281 5.993650
2454993.836076 40848.707031 5.994969
2454993.856510 40837.675781 5.994514
2454993.876945 40842.953125 5.994708
2454993.897379 40830.421875 5.994101
2454993.917813 40845.593750 5.994805
2454993.938248 40823.441406 5.993735
2454993.958682 40815.160156 5.993227
2454993.979116 40825.976562 5.993791
2454993.999551 40822.136719 5.993599
2454994.019985 40821.070312 5.993602
2454994.040419 40805.097656 5.992687
2454994.060854 40814.097656 5.993298
2454994.081288 40803.464844 5.992610
2454994.101722 40802.605469 5.992571
2454994.122157 40799.417969 5.992422
2454994.142591 40776.753906 5.991144
2454994.163025 40777.503906 5.991231
2454994.183460 40760.726562 5.990390
2454994.203894 40742.949219 5.989445
2454994.224329 40717.441406 5.988431
2454994.244763 nan nan
2454994.265197 40697.792969 5.987115
2454994.285631 40688.941406 5.986659
2454994.306066 40673.226562 5.985785
2454994.326500 40687.593750 5.986520
2454994.346935 40699.828125 5.987220
2454994.367369 40686.675781 5.986525
2454994.387803 40726.597656 5.988631
2454994.408238 40721.019531 5.988255
2454994.428672 40731.011719 5.988844
2454994.449106 40751.796875 5.989888
2454994.469541 40766.429688 5.990584
2454994.489975 40820.617188 5.994792
2454994.510409 40810.960938 5.992935
2454994.530844 40817.296875 5.993256
2454994.551278 40815.980469 5.993128
2454994.571712 40829.921875 5.993861
2454994.592147 40814.667969 5.993106
2454994.612581 40814.847656 5.993169
2454994.633015 40804.359375 5.992474
2454994.653450 40806.492188 5.994036
2454994.673884 40809.738281 5.992790
2454994.694319 40797.687500 5.992175
2454994.714753 40807.257812 5.992689
2454994.735187 40790.898438 5.991843
2454994.755622 40790.078125 5.991745
2454994.776056 40788.589844 5.991783
2454994.796490 40799.183594 5.992291
2454994.816925 40784.156250 5.991535
2454994.837359 40783.253906 5.991411
2454994.857793 40770.691406 5.990870
2454994.878228 40754.476562 5.991300
2454994.898662 40709.167969 5.989059
2454994.919096 40729.957031 5.988685
2454994.939531 40719.734375 5.988056
2454994.959965 40684.355469 5.986242
2454994.980399 40697.320312 5.986884
2454995.000834 40659.496094 5.984902
2454995.021268 40664.921875 5.985209
2454995.041702 40663.023438 5.985075
2454995.062137 40654.507812 5.984671
2454995.082571 40668.023438 5.985350
2454995.103005 40671.832031 5.985572
2454995.123440 40677.187500 5.985825
2454995.143874 40679.753906 5.986007
2454995.164309 40703.343750 5.987168
2454995.184743 40724.375000 5.988262
2454995.205177 40743.800781 5.989337
2454995.225611 40762.718750 5.990277
2454995.246046 40768.972656 5.990660
2454995.266480 40775.996094 5.990930
2454995.286914 40783.460938 5.991371
2454995.307349 40795.144531 5.992005
2454995.327783 40799.656250 5.992247
2454995.348217 40789.097656 5.991714
2454995.368652 40798.316406 5.992140
2454995.389086 40778.542969 5.991125
2454995.409521 40780.046875 5.991141
2454995.429955 40760.449219 5.990126
2454995.450389 40775.320312 5.990963
2454995.470824 40779.128906 5.991166
2454995.491258 40775.550781 5.990979
2454995.511692 40772.468750 5.990794
2454995.532126 40767.597656 5.990525
2454995.552560 40751.917969 5.989680
2454995.572995 40748.921875 5.989489
2454995.593429 40749.210938 5.989574
2454995.613863 40726.679688 5.988391
2454995.634298 40707.335938 5.987392
2454995.654732 40705.019531 5.987254
2454995.675166 40688.585938 5.986376
2454995.695601 40669.589844 5.985362
2454995.716035 40652.679688 5.984486
2454995.736469 40641.636719 5.983864
2454995.756904 40635.132812 5.983575
2454995.777338 40637.218750 5.983651
2454995.797772 40632.093750 5.983457
2454995.818207 40633.343750 5.983468
2454995.838641 40648.847656 5.984236
2454995.859075 40663.566406 5.985102
2454995.879510 40674.683594 5.985649
2454995.899944 40683.171875 5.986072
2454995.920378 40702.800781 5.987063
2454995.940813 40729.414062 5.988533
2454995.961247 40736.968750 5.988800
2454995.981681 40770.980469 5.990638
2454996.002116 40764.359375 5.991639
2454996.022550 40774.480469 5.992233
2454996.042984 40781.843750 5.991157
2454996.063419 40782.035156 5.991122
2454996.083853 40786.062500 5.992800
2454996.104287 40773.250000 5.990773
2454996.124722 40769.781250 5.992049
2454996.145156 40779.605469 5.992465
2454996.165590 40765.984375 5.991728
2454996.186025 40755.464844 5.991179
2454996.206459 40769.203125 5.991867
2454996.226893 40765.667969 5.990242
2454996.247328 40763.777344 5.990221
2454996.267762 40749.656250 5.989429
2454996.288196 40721.675781 5.987963
2454996.308631 40727.113281 5.988256
2454996.329065 40717.695312 5.987792
2454996.349499 40710.078125 5.987336
2454996.369934 40690.847656 5.986344
2454996.390368 40687.742188 5.986089
2454996.410802 40660.113281 5.984728
2454996.431237 40631.289062 5.983286
2454996.451671 40635.691406 5.983410
2454996.472105 40609.917969 5.982050
2454996.492540 40607.070312 5.981982
2454996.512974 40606.785156 5.981968
2454996.533408 40648.402344 5.985507
2454996.553843 40615.457031 5.983816
2454996.574277 40624.632812 5.984282
2454996.594711 40640.324219 5.983740
2454996.615145 40647.593750 5.985479
2454996.635580 40660.929688 5.985452
2454996.656014 40680.835938 5.987267
2454996.676448 40704.734375 5.988497
2454996.696883 40725.433594 5.989583
2454996.717317 40737.195312 5.990145
2454996.737751 40756.984375 5.991125
2454996.758186 40757.457031 5.991233
2454996.778620 40772.539062 5.994522
2454996.799054 40774.593750 5.994660
2454996.819489 40763.292969 5.994159
2454996.839923 40760.425781 5.993952
2454996.860357 40746.542969 5.993148
2454996.880792 40767.265625 5.991734
2454996.901226 40755.460938 5.993551
2454996.921660 40740.597656 5.992790
2454996.942095 40754.785156 5.993544
2454996.962529 40740.472656 5.992788
2454996.982963 40740.230469 5.992811
2454997.003398 40737.832031 5.992599
2454997.023832 40727.179688 5.992122
2454997.044266 40709.699219 5.991264
2454997.064701 40711.804688 5.991273
2454997.085135 40697.019531 5.990546
2454997.105569 40607.339844 5.982541
2454997.126003 40095.796875 5.950025
2454997.146438 39206.574219 5.902979
2454997.166872 38052.652344 5.838018
2454997.187306 36696.699219 5.761860
2454997.207741 35155.824219 5.671902
2454997.228175 nan nan
2454997.248609 31831.947266 5.468426
2454997.269044 30149.732422 5.366506
2454997.289478 28536.437500 5.264122
2454997.309912 27297.285156 5.182430
2454997.330347 26818.523438 5.149585
2454997.350781 26744.798828 5.145065
2454997.371215 26941.980469 5.157294
2454997.391650 27734.339844 5.211909
2454997.412084 29188.544922 5.306834
2454997.432518 30864.193359 5.411879
2454997.452953 32592.589844 5.516689
2454997.473387 34262.449219 5.616221
2454997.493821 35866.488281 5.711284
2454997.514256 37345.187500 5.797245
2454997.534690 38616.941406 5.868214
2454997.555124 39679.210938 5.927958
2454997.575558 40417.468750 5.970775
2454997.595993 40740.164062 5.987756
2454997.616427 40751.714844 5.990045
2454997.636861 40739.296875 5.987611
2454997.657296 40749.203125 5.988111
2454997.677730 40744.546875 5.987876
2454997.698164 40750.312500 5.993206
2454997.718599 40724.132812 5.986936
2454997.739033 40729.746094 5.987101
2454997.759467 40724.125000 5.986744
2454997.779902 40708.664062 5.986040
2454997.800336 40691.851562 5.985054
2454997.820770 40681.980469 5.984574
2454997.841204 40664.199219 5.983609
2454997.861639 40645.687500 5.982638
2454997.882073 40635.933594 5.982104
2454997.902507 40624.394531 5.981519
2454997.922942 40606.257812 5.980569
2454997.943376 40577.699219 5.979110
2454997.963810 40585.960938 5.979467
2454997.984245 40593.167969 5.979869
