# Time, BJD, SAP_FLUX, SAP_FLUX_ERR, PDCSAP_FLUX, PDCSAP_FLUX_ERR

1559.225698 2456392.225698 41380.839844 6.157716 nan nan
1559.246132 2456392.246132 41353.597656 6.156266 53586.246094 7.914860
1559.266567 2456392.266567 41348.074219 6.155945 53575.238281 7.912273
1559.287001 2456392.287001 41321.339844 6.154464 53541.015625 7.910694
1559.307436 2456392.307436 41309.246094 6.153968 53523.593750 7.909538
1559.327870 2456392.327870 41312.886719 6.154076 53525.957031 7.917767
1559.348305 2456392.348305 41290.718750 6.152960 53500.746094 7.913015
1559.368739 2456392.368739 41292.972656 6.153089 53500.902344 7.916050
1559.389173 2456392.389173 41299.136719 6.153361 53507.519531 7.924423
1559.409608 2456392.409608 41296.000000 6.153196 53503.820312 7.920630
1559.430042 2456392.430042 41315.226562 6.154270 53523.773438 7.928822
1559.450477 2456392.450477 41323.468750 6.154610 53535.750000 7.926991
1559.470911 2456392.470911 41336.542969 6.155247 53554.453125 7.934748
1559.491345 2456392.491345 41349.593750 6.155882 53565.105469 7.935366
1559.511780 2456392.511780 41358.589844 6.156491 53579.222656 7.935089
1559.532214 2456392.532214 41365.792969 6.156771 53585.289062 7.933507
1559.552649 2456392.552649 41385.519531 6.157823 53607.316406 7.939904
1559.573083 2456392.573083 41397.460938 6.158379 53627.695312 7.942996
1559.593517 2456392.593517 41380.718750 6.157403 53601.539062 7.937010
1559.613952 2456392.613952 41387.730469 6.157930 53609.277344 7.950257
1559.634386 2456392.634386 41401.937500 6.158455 53630.050781 7.947461
1559.654821 2456392.654821 41401.316406 6.158584 53622.812500 7.949471
1559.675255 2456392.675255 41418.082031 6.159377 53647.050781 7.946349
1559.695689 2456392.695689 41428.183594 6.159788 53660.636719 7.953386
1559.716124 2456392.716124 41430.828125 6.159948 53659.855469 7.949102
1559.736558 2456392.736558 41440.125000 6.160413 53675.613281 7.955254
1559.756993 2456392.756993 41439.570312 6.160349 53671.523438 7.953500
1559.777427 2456392.777427 41455.570312 6.161188 53690.671875 7.953646
1559.797861 2456392.797861 41445.207031 6.160578 53679.785156 7.954117
1559.818296 2456392.818296 41453.933594 6.161111 53688.953125 7.956714
1559.838730 2456392.838730 41454.605469 6.161106 53687.925781 7.961347
1559.859165 2456392.859165 41445.593750 6.160654 53678.300781 7.959230
1559.879599 2456392.879599 41462.300781 6.161435 53695.781250 7.962627
1559.900033 2456392.900033 41455.949219 6.161213 53690.054688 7.962345
1559.920468 2456392.920468 41431.941406 6.159898 53657.753906 7.959380
1559.940902 2456392.940902 41431.425781 6.159825 53654.316406 7.958184
1559.961337 2456392.961337 41410.613281 6.158827 53631.957031 7.959527
1559.981771 2456392.981771 41393.644531 6.157956 53605.402344 7.960194
1560.002206 2456393.002206 41374.472656 6.156957 53578.164062 7.960124
1560.022640 2456393.022640 41359.859375 6.156219 53563.351562 7.960994
1560.043074 2456393.043074 41357.472656 6.156060 53558.429688 7.956020
1560.063509 2456393.063509 41330.164062 6.154740 53521.066406 7.960067
1560.083943 2456393.083943 41329.371094 6.154644 53524.070312 7.955709
1560.104378 2456393.104378 41338.890625 6.155078 53532.906250 7.961566
1560.124812 2456393.124812 41329.808594 6.154624 53522.250000 7.961344
1560.145246 2456393.145246 41336.437500 6.154931 53532.429688 7.957076
1560.165681 2456393.165681 41339.425781 6.155093 53533.210938 7.960568
1560.186115 2456393.186115 41358.242188 6.156043 53560.203125 7.964025
1560.206550 2456393.206550 41355.300781 6.155898 53556.472656 7.961411
1560.226984 2456393.226984 41379.437500 6.157130 53581.593750 7.964503
1560.247418 2456393.247418 41365.789062 6.156451 53567.335938 7.965381
1560.267853 2456393.267853 41384.031250 6.157289 53588.121094 7.962197
1560.288287 2456393.288287 41391.953125 6.157688 53598.417969 7.967396
1560.308722 2456393.308722 41407.585938 6.158557 53622.136719 7.966694
1560.329156 2456393.329156 41374.535156 6.159020 53577.585938 7.970125
1560.349590 2456393.349590 41414.453125 6.158870 53631.394531 7.966686
1560.370025 2456393.370025 41415.890625 6.158966 53636.519531 7.969454
1560.390459 2456393.390459 41429.570312 6.159777 53652.207031 7.970318
1560.410894 2456393.410894 41412.578125 6.158771 53634.824219 7.970340
1560.431328 2456393.431328 41425.609375 6.159412 53647.117188 7.973035
1560.451763 2456393.451763 41431.074219 6.159698 53651.226562 7.970663
1560.472197 2456393.472197 41442.625000 6.160278 53669.683594 7.968277
1560.492631 2456393.492631 41455.425781 6.160998 53682.613281 7.970482
1560.513066 2456393.513066 41444.437500 6.160308 53669.148438 7.970169
1560.533500 2456393.533500 41455.070312 6.160865 53682.855469 7.973506
1560.553935 2456393.553935 41455.070312 6.160906 53673.984375 7.973595
1560.574369 2456393.574369 41457.332031 6.160975 53678.402344 7.973137
1560.594803 2456393.594803 41463.445312 6.161173 53684.632812 7.971652
1560.615238 2456393.615238 41452.304688 6.160721 53664.953125 7.973475
1560.635672 2456393.635672 41438.589844 6.159954 53655.031250 7.972211
1560.656107 2456393.656107 41431.902344 6.159647 53650.316406 7.971358
1560.676541 2456393.676541 41418.914062 6.158931 53635.007812 7.970263
1560.696976 2456393.696976 41407.261719 6.158396 53623.589844 7.970152
1560.717410 2456393.717410 nan nan nan nan
1560.737844 2456393.737844 41361.687500 6.156014 53567.363281 7.969130
1560.758279 2456393.758279 41348.527344 6.155365 53560.281250 7.966349
1560.778713 2456393.778713 41331.222656 6.154457 53539.890625 7.966249
1560.799148 2456393.799148 41331.390625 6.154441 53542.460938 7.964817
1560.819582 2456393.819582 41321.796875 6.154065 53531.925781 7.965751
1560.840017 2456393.840017 41309.453125 6.154697 53504.953125 7.959611
1560.860451 2456393.860451 41329.578125 6.157317 nan nan
1560.880885 2456393.880885 41213.531250 6.161526 nan nan
1560.901320 2456393.901320 nan nan nan nan
1560.921754 2456393.921754 41321.914062 6.157393 nan nan
1560.942189 2456393.942189 41382.921875 6.159964 nan nan
1560.962623 2456393.962623 41337.738281 6.157674 53497.621094 7.951705
1560.983057 2456393.983057 40852.199219 6.132924 52891.402344 7.927785
1561.003492 2456394.003492 39137.878906 6.037135 50675.109375 7.810400
1561.023926 2456394.023926 36506.515625 5.892143 47261.152344 7.624009
1561.044361 2456394.044361 33597.156250 5.723000 43482.058594 7.396361
1561.064795 2456394.064795 30701.294922 5.547607 39699.808594 7.181059
1561.085230 2456394.085230 29021.359375 5.445048 37609.253906 7.048461
1561.105664 2456394.105664 28950.275391 5.440225 37435.414062 7.042214
1561.126098 2456394.126098 29165.714844 5.452244 37701.445312 7.059990
1561.146533 2456394.146533 31105.746094 5.573081 40254.800781 7.215445
1561.166967 2456394.166967 34038.652344 5.746801 44057.054688 7.439816
1561.187402 2456394.187402 36996.199219 5.917164 47897.742188 7.658005
1561.207836 2456394.207836 39458.976562 6.050968 51092.214844 7.832129
1561.228271 2456394.228271 41103.015625 6.143738 53227.253906 7.951128
1561.248705 2456394.248705 41439.074219 6.160730 53665.218750 7.971745
1561.269139 2456394.269139 41430.031250 6.160227 53658.507812 7.971515
1561.289574 2456394.289574 41414.894531 6.159360 53635.992188 7.971795
1561.310008 2456394.310008 41428.875000 6.159900 53654.500000 7.976347
1561.330443 2456394.330443 41430.046875 6.160092 53658.187500 7.975666
1561.350877 2456394.350877 41438.343750 6.160338 53665.703125 7.973677
1561.371312 2456394.371312 41437.867188 6.160249 53673.085938 7.978133
1561.391746 2456394.391746 41421.558594 6.159432 53646.585938 7.973248
1561.412180 2456394.412180 41442.371094 6.160439 53672.839844 7.977966
1561.432615 2456394.432615 41385.070312 6.157449 53602.828125 7.974429
1561.453049 2456394.453049 41395.867188 6.157880 53612.042969 7.975318
1561.473484 2456394.473484 41367.562500 6.156449 53579.753906 7.971945
1561.493918 2456394.493918 41354.363281 6.155844 53563.550781 7.970344
1561.514352 2456394.514352 41333.785156 6.154784 53533.023438 7.970663
1561.534787 2456394.534787 41322.980469 6.154218 53523.976562 7.966728
1561.555221 2456394.555221 41323.746094 6.154006 53521.527344 7.970613
1561.575656 2456394.575656 41322.394531 6.154159 53519.089844 7.968516
1561.596090 2456394.596090 41324.867188 6.154247 53525.375000 7.972151
1561.616525 2456394.616525 41332.007812 6.154676 53531.050781 7.972190
1561.636959 2456394.636959 41332.453125 6.154519 53533.066406 7.969324
1561.657394 2456394.657394 41339.863281 6.154881 53545.589844 7.971570
1561.677828 2456394.677828 41369.101562 6.156244 53578.507812 7.971787
1561.698262 2456394.698262 41372.656250 6.156417 53585.863281 7.971921
1561.718697 2456394.718697 41367.921875 6.156211 53579.230469 7.972620
1561.739131 2456394.739131 41392.437500 6.157465 53609.132812 7.975892
1561.759566 2456394.759566 41390.996094 6.157317 53610.093750 7.973836
1561.780000 2456394.780000 41415.226562 6.158485 53638.558594 7.976900
1561.800434 2456394.800434 41405.050781 6.158088 53625.175781 7.978697
1561.820869 2456394.820869 41400.257812 6.157818 53622.457031 7.975375
1561.841303 2456394.841303 41426.753906 6.159199 53653.441406 7.979931
1561.861738 2456394.861738 41431.855469 6.159361 53657.148438 7.978764
1561.882172 2456394.882172 41426.398438 6.159145 53661.050781 7.977319
1561.902607 2456394.902607 41449.582031 6.160151 53684.402344 7.981088
1561.923041 2456394.923041 41448.371094 6.160067 53682.644531 7.980591
1561.943476 2456394.943476 41454.246094 6.160409 53690.257812 7.980549
1561.963910 2456394.963910 41452.578125 6.160295 53686.332031 7.980295
1561.984344 2456394.984344 41453.765625 6.160434 53691.691406 7.979976
1562.004779 2456395.004779 41473.148438 6.161230 53714.640625 7.980077
1562.025213 2456395.025213 41462.281250 6.160762 53698.968750 7.983267
1562.045648 2456395.045648 41461.722656 6.160698 53703.000000 7.978632
1562.066082 2456395.066082 41475.515625 6.161430 53718.648438 7.981837
1562.086516 2456395.086516 41455.753906 6.160514 53692.488281 7.980815
1562.106951 2456395.106951 41475.503906 6.161324 53722.093750 7.983137
1562.127385 2456395.127385 41483.671875 6.161777 53725.328125 7.981626
1562.147820 2456395.147820 41443.058594 6.159660 53676.082031 7.980509
1562.168254 2456395.168254 41413.125000 6.158278 53637.261719 7.976354
1562.188689 2456395.188689 41399.996094 6.157625 53618.656250 7.975890
1562.209123 2456395.209123 41381.597656 6.156652 53599.664062 7.976410
1562.229558 2456395.229558 41378.761719 6.156451 53593.265625 7.978168
1562.249992 2456395.249992 41359.316406 6.155397 53566.691406 7.976194
1562.270426 2456395.270426 41350.585938 6.154966 53560.339844 7.974709
1562.290861 2456395.290861 41353.355469 6.155153 53560.355469 7.974653
1562.311295 2456395.311295 41344.992188 6.154757 53548.015625 7.974575
1562.331730 2456395.331730 41342.078125 6.154483 53546.765625 7.975832
1562.352164 2456395.352164 41367.500000 6.155745 53576.488281 7.975263
1562.372599 2456395.372599 41365.636719 6.155615 53578.242188 7.977559
1562.393033 2456395.393033 41370.101562 6.155950 53581.167969 7.974932
1562.413467 2456395.413467 41390.097656 6.156955 53605.996094 7.978261
1562.433902 2456395.433902 41375.160156 6.156088 53592.953125 7.971563
1562.454336 2456395.454336 41393.398438 6.157140 53614.312500 7.975856
1562.474771 2456395.474771 41404.132812 6.157460 53622.820312 7.973095
1562.495205 2456395.495205 41406.070312 6.157669 53632.757812 7.979293
1562.515640 2456395.515640 41418.964844 6.158369 53647.289062 7.978658
1562.536074 2456395.536074 41409.531250 6.157860 53634.589844 7.978682
1562.556509 2456395.556509 41433.136719 6.159051 53665.511719 7.979827
1562.576943 2456395.576943 41443.609375 6.159452 53675.132812 7.978763
1562.597378 2456395.597378 41445.394531 6.159547 53683.835938 7.979992
1562.617812 2456395.617812 41440.785156 6.159419 53675.437500 7.979496
1562.638246 2456395.638246 41454.593750 6.160058 53691.882812 7.982118
1562.658681 2456395.658681 41447.316406 6.159695 53685.007812 7.978452
1562.679115 2456395.679115 41455.132812 6.159997 53696.140625 7.982467
1562.699550 2456395.699550 41476.042969 6.161105 53717.972656 7.977130
1562.719984 2456395.719984 41460.757812 6.160303 53704.039062 7.981526
1562.740418 2456395.740418 41453.675781 6.159961 53691.898438 7.978337
1562.760853 2456395.760853 41470.714844 6.160880 53716.777344 7.980810
1562.781287 2456395.781287 41457.964844 6.160109 53699.539062 7.980269
1562.801722 2456395.801722 41457.726562 6.160091 53695.843750 7.982581
1562.822156 2456395.822156 41455.074219 6.159986 53695.519531 7.980506
1562.842591 2456395.842591 41452.917969 6.159825 53692.015625 7.976971
1562.863025 2456395.863025 41443.730469 6.159307 53678.128906 7.979750
1562.883460 2456395.883460 41439.605469 6.160583 53677.195312 7.980727
1562.903894 2456395.903894 41421.707031 6.158185 53650.445312 7.978740
1562.924328 2456395.924328 41403.640625 6.157359 53628.039062 7.978655
1562.944763 2456395.944763 41385.867188 6.156393 53607.824219 7.973001
1562.965197 2456395.965197 41370.753906 6.155642 53585.035156 7.975044
1562.985632 2456395.985632 41351.171875 6.154714 53563.472656 7.970195
1563.006066 2456396.006066 41352.433594 6.154751 53564.601562 7.972251
1563.026501 2456396.026501 41345.691406 6.154369 53551.250000 7.972058
1563.046935 2456396.046935 41350.992188 6.154588 53562.375000 7.974916
1563.067370 2456396.067370 41333.832031 6.153751 53538.152344 7.971624
1563.087804 2456396.087804 41354.730469 6.154732 53563.578125 7.970096
1563.108239 2456396.108239 41352.523438 6.154656 53564.218750 7.968244
1563.128673 2456396.128673 41354.531250 6.154721 53565.023438 7.971879
1563.149107 2456396.149107 41377.937500 6.155964 53596.191406 7.974840
1563.169542 2456396.169542 41394.292969 6.156886 53618.726562 7.979972
1563.189976 2456396.189976 41390.535156 6.156803 53612.003906 7.977061
1563.210411 2456396.210411 41396.601562 6.157198 53622.281250 7.978668
1563.230845 2456396.230845 41410.785156 6.157894 53640.746094 7.975890
1563.251280 2456396.251280 41414.882812 6.158161 53640.746094 7.977661
1563.271714 2456396.271714 41418.261719 6.158327 53649.824219 7.978887
1563.292148 2456396.292148 41422.027344 6.158518 53654.042969 7.972507
1563.312583 2456396.312583 41436.164062 6.159284 53671.023438 7.978269
1563.333017 2456396.333017 41432.222656 6.159188 53667.937500 7.975494
1563.353452 2456396.353452 41445.054688 6.159829 53682.191406 7.980355
1563.373886 2456396.373886 41444.183594 6.159832 53683.410156 7.979465
1563.394321 2456396.394321 41456.902344 6.160566 53698.949219 7.981746
1563.414755 2456396.414755 41442.945312 6.159663 53682.386719 7.977641
1563.435190 2456396.435190 41451.816406 6.160153 53690.390625 7.983539
1563.455624 2456396.455624 41458.046875 6.160545 53705.421875 7.981104
1563.476058 2456396.476058 41457.066406 6.160459 53697.617188 7.977653
1563.496493 2456396.496493 41446.910156 6.159841 53687.421875 7.981476
1563.516927 2456396.516927 41454.441406 6.160086 53696.480469 7.978755
1563.537362 2456396.537362 41452.441406 6.159997 53691.148438 7.982453
1563.557796 2456396.557796 41447.085938 6.159714 53687.574219 7.978496
1563.578231 2456396.578231 41446.515625 6.159656 53687.078125 7.976596
1563.598665 2456396.598665 41446.257812 6.159585 53688.093750 7.972310
1563.619100 2456396.619100 41434.257812 6.158939 53670.667969 7.980188
1563.639534 2456396.639534 41412.660156 6.157824 53640.691406 7.977195
1563.659969 2456396.659969 41390.769531 6.156643 53616.945312 7.976215
1563.680403 2456396.680403 41367.796875 6.155538 53586.207031 7.969906
1563.700837 2456396.700837 nan nan nan nan
1563.721272 2456396.721272 41363.558594 6.155190 53584.417969 7.974316
1563.741706 2456396.741706 41353.511719 6.154716 53570.988281 7.972812
1563.762141 2456396.762141 41355.054688 6.154728 53570.355469 7.970766
1563.782575 2456396.782575 41355.605469 6.154781 53576.949219 7.974805
1563.803010 2456396.803010 41353.132812 6.154665 53570.101562 7.970582
1563.823444 2456396.823444 41368.281250 6.155490 53590.566406 7.975752
1563.843879 2456396.843879 41363.222656 6.155270 53584.218750 7.973010
1563.864313 2456396.864313 41379.328125 6.156066 53605.062500 7.974707
1563.884748 2456396.884748 41380.394531 6.156220 53608.484375 7.972748
1563.905182 2456396.905182 41379.093750 6.156030 53606.218750 7.970593
1563.925616 2456396.925616 41398.757812 6.157017 53630.082031 7.975795
1563.946051 2456396.946051 41399.070312 6.156978 53635.410156 7.973192
1563.966485 2456396.966485 41402.257812 6.157188 53636.527344 7.973717
1563.986920 2456396.986920 41410.898438 6.157587 53647.730469 7.975712
1564.007354 2456397.007354 41423.496094 6.158187 53668.339844 7.976972
1564.027789 2456397.027789 41428.949219 6.158564 53671.656250 7.976686
1564.048223 2456397.048223 41425.625000 6.158373 53669.585938 7.977405
1564.068658 2456397.068658 41426.210938 6.158455 53671.070312 7.972962
1564.089092 2456397.089092 41457.328125 6.159960 53708.031250 7.980619
1564.109526 2456397.109526 41447.414062 6.159463 53697.937500 7.979124
1564.129961 2456397.129961 41448.445312 6.159384 53699.847656 7.979801
1564.150395 2456397.150395 41453.597656 6.159786 53705.289062 7.978708
1564.170830 2456397.170830 41454.671875 6.159786 53709.792969 7.978405
1564.191264 2456397.191264 41449.089844 6.159483 53700.738281 7.981096
1564.211699 2456397.211699 41452.687500 6.159626 53704.605469 7.974364
1564.232133 2456397.232133 41445.171875 6.159182 53699.007812 7.978776
1564.252568 2456397.252568 41461.906250 6.160046 53717.960938 7.978161
1564.273002 2456397.273002 41446.328125 6.159250 53697.828125 7.977198
1564.293437 2456397.293437 41451.269531 6.159484 53705.851562 7.977918
1564.313871 2456397.313871 41442.378906 6.158935 53689.949219 7.977923
1564.334306 2456397.334306 41430.675781 6.158455 53680.695312 7.972412
1564.354740 2456397.354740 41413.585938 6.157574 53657.664062 7.975138
1564.375174 2456397.375174 41404.480469 6.157044 53642.972656 7.973345
1564.395609 2456397.395609 41384.339844 6.156053 53620.445312 7.975752
1564.416043 2456397.416043 41384.988281 6.156035 53618.656250 7.974066
1564.436478 2456397.436478 41377.449219 6.155838 53608.492188 7.972797
1564.456912 2456397.456912 41349.714844 6.154371 53576.140625 7.970459
1564.477347 2456397.477347 41348.011719 6.154117 53570.742188 7.969694
1564.497781 2456397.497781 41339.078125 6.153607 53559.988281 7.970096
1564.518216 2456397.518216 41340.394531 6.153732 53563.152344 7.968976
1564.538650 2456397.538650 41358.621094 6.154568 53583.699219 7.974283
1564.559085 2456397.559085 41340.636719 6.153552 53563.800781 7.969270
1564.579519 2456397.579519 41363.625000 6.154737 53592.453125 7.971192
1564.599953 2456397.599953 41372.421875 6.155153 53603.296875 7.971899
1564.620388 2456397.620388 41379.898438 6.155479 53615.988281 7.971424
1564.640822 2456397.640822 41430.085938 6.158066 53679.320312 7.975975
1564.661257 2456397.661257 41410.707031 6.156961 53652.683594 7.975132
1564.681691 2456397.681691 41398.523438 6.156407 53640.441406 7.974809
1564.702126 2456397.702126 41398.218750 6.156451 53636.429688 7.973486
1564.722560 2456397.722560 41418.082031 6.157374 53662.417969 7.975708
1564.742995 2456397.742995 41424.878906 6.157706 53672.347656 7.974912
1564.763429 2456397.763429 41428.605469 6.157947 53673.121094 7.974917
1564.783864 2456397.783864 41426.101562 6.157763 53673.257812 7.970994
1564.804298 2456397.804298 41428.617188 6.157865 53677.980469 7.977251
1564.824732 2456397.824732 41438.277344 6.158303 53687.468750 7.975260
1564.845167 2456397.845167 41456.171875 6.159242 53714.636719 7.976159
1564.865602 2456397.865602 41450.628906 6.158900 53703.675781 7.975956
1564.886036 2456397.886036 41464.316406 6.159649 53719.824219 7.974453
1564.906470 2456397.906470 41456.062500 6.159138 53714.312500 7.978969
1564.926905 2456397.926905 41466.652344 6.159735 53723.375000 7.977361
1564.947339 2456397.947339 41452.535156 6.158979 53706.031250 7.974211
1564.967774 2456397.967774 41446.675781 6.158666 53702.425781 7.975517
1564.988208 2456397.988208 41454.605469 6.159009 53708.945312 7.975476
1565.008643 2456398.008643 41444.941406 6.158629 53696.898438 7.978452
1565.029077 2456398.029077 41445.593750 6.158674 53697.492188 7.975791
1565.049512 2456398.049512 41458.316406 6.159336 53712.871094 7.978361
1565.069946 2456398.069946 41424.582031 6.157581 53672.121094 7.972047
1565.090381 2456398.090381 41443.097656 6.158528 53691.699219 7.973940
1565.110815 2456398.110815 41405.144531 6.156606 53642.640625 7.972368
1565.131249 2456398.131249 41394.300781 6.155988 53633.417969 7.972517
1565.151684 2456398.151684 41387.656250 6.153641 53621.070312 7.969268
1565.172118 2456398.172118 41373.000000 6.154875 53602.578125 7.972009
1565.192553 2456398.192553 41366.917969 6.154452 53595.964844 7.973398
1565.212987 2456398.212987 41360.941406 6.152179 53584.945312 7.969306
1565.233422 2456398.233422 41376.371094 6.155124 53608.882812 7.974371
1565.253856 2456398.253856 41357.179688 6.152021 53584.503906 7.967770
1565.274291 2456398.274291 41364.558594 6.152341 53589.656250 7.967567
1565.294725 2456398.294725 41377.847656 6.153021 53610.546875 7.970466
1565.315160 2456398.315160 41384.929688 6.153376 53617.484375 7.968919
1565.335594 2456398.335594 41381.578125 6.153210 53614.542969 7.971572
1565.356029 2456398.356029 41399.816406 6.154111 53639.019531 7.969835
1565.376463 2456398.376463 41401.339844 6.154249 53637.621094 7.963992
1565.396897 2456398.396897 41411.027344 6.154669 53652.957031 7.972886
1565.417332 2456398.417332 41417.082031 6.154979 53661.550781 7.969133
1565.437766 2456398.437766 41418.621094 6.155121 53660.062500 7.974369
1565.458201 2456398.458201 41423.843750 6.155398 53672.128906 7.971665
1565.478635 2456398.478635 41419.636719 6.155108 53665.007812 7.971683
1565.499070 2456398.499070 41422.996094 6.155294 53667.527344 7.972911
1565.519504 2456398.519504 41441.406250 6.156281 53695.386719 7.974411
1565.539939 2456398.539939 41446.539062 6.156559 53698.257812 7.975591
1565.560373 2456398.560373 41457.421875 6.157027 53712.046875 7.976441
1565.580808 2456398.580808 41450.984375 6.156710 53706.105469 7.975403
1565.601242 2456398.601242 41454.484375 6.156820 53707.562500 7.972990
1565.621677 2456398.621677 41454.414062 6.156802 53709.679688 7.973694
1565.642111 2456398.642111 41454.707031 6.156903 53710.089844 7.975282
1565.662546 2456398.662546 41461.812500 6.157230 53715.332031 7.974618
1565.682980 2456398.682980 41460.714844 6.157165 53719.351562 7.974258
1565.703415 2456398.703415 41461.636719 6.157202 53717.140625 7.976441
1565.723849 2456398.723849 41459.921875 6.157162 53713.527344 7.978613
1565.744283 2456398.744283 41457.269531 6.156966 53717.058594 7.973074
1565.764718 2456398.764718 41455.324219 6.156884 53708.433594 7.978420
1565.785152 2456398.785152 41444.949219 6.156398 53694.792969 7.973166
1565.805587 2456398.805587 41440.441406 6.155996 53691.164062 7.972891
1565.826021 2456398.826021 41441.609375 6.156097 53690.945312 7.975626
1565.846456 2456398.846456 41397.914062 6.153797 53637.812500 7.972238
1565.866890 2456398.866890 41095.019531 6.138383 53241.699219 7.953197
1565.887325 2456398.887325 40356.140625 6.100672 52282.402344 7.903012
1565.907759 2456398.907759 39269.925781 6.038734 50877.789062 7.821471
1565.928194 2456398.928194 37981.746094 5.967406 49202.593750 7.734755
1565.948628 2456398.948628 36507.140625 5.885669 47288.960938 7.625025
1565.969063 2456398.969063 34881.007812 5.794684 45182.593750 7.505039
1565.989497 2456398.989497 33172.582031 5.693324 42961.316406 7.376810
1566.009932 2456399.009932 31437.708984 5.589329 40711.195312 7.242217
1566.030366 2456399.030366 29764.687500 5.486680 38544.390625 7.110426
1566.050801 2456399.050801 28307.015625 5.396109 36648.828125 6.993168
1566.071235 2456399.071235 27406.730469 5.343499 35484.699219 6.925752
1566.091670 2456399.091670 27213.281250 5.328632 35233.968750 6.905572
1566.112104 2456399.112104 27294.660156 5.334146 35335.007812 6.913222
1566.132538 2456399.132538 27754.513672 5.363260 35935.593750 6.951848
1566.152973 2456399.152973 28997.080078 5.442005 37545.734375 7.052089
1566.173407 2456399.173407 30618.207031 5.537879 39647.996094 7.175257
1566.193842 2456399.193842 32342.507812 5.643600 41887.699219 7.310720
1566.214276 2456399.214276 34082.679688 5.743524 44143.246094 7.442208
1566.234711 2456399.234711 35759.109375 5.842164 46320.156250 7.569287
1566.255145 2456399.255145 37325.921875 5.929227 48354.500000 7.679912
1566.275580 2456399.275580 38713.738281 6.009614 50153.113281 7.784503
1566.296014 2456399.296014 39912.718750 6.075735 51710.328125 7.874044
1566.316449 2456399.316449 40819.132812 6.124150 52887.464844 7.930657
1566.336883 2456399.336883 41382.367188 6.152788 53613.464844 7.971209
1566.357318 2456399.357318 41454.035156 6.156417 53712.265625 7.973329
1566.377752 2456399.377752 41466.367188 6.157056 53726.675781 7.976679
1566.398187 2456399.398187 41457.726562 6.156535 53714.222656 7.975490
1566.418621 2456399.418621 41459.613281 6.156654 53719.996094 7.975566
1566.439056 2456399.439056 41463.722656 6.156834 53718.066406 7.976945
1566.459490 2456399.459490 41469.640625 6.157212 53727.578125 7.977648
1566.479925 2456399.479925 41462.117188 6.156740 53720.066406 7.978925
1566.500359 2456399.500359 41461.417969 6.156710 53714.710938 7.977526
1566.520793 2456399.520793 41458.714844 6.156613 53718.117188 7.978668
1566.541228 2456399.541228 41446.160156 6.155961 53703.335938 7.974470
1566.561663 2456399.561663 41437.957031 6.155556 53688.011719 7.974692
1566.582097 2456399.582097 41409.253906 6.154006 53656.941406 7.975224
1566.602531 2456399.602531 41414.203125 6.154278 53659.707031 7.975499
1566.622966 2456399.622966 41389.757812 6.153120 53628.527344 7.969223
1566.643400 2456399.643400 41384.246094 6.152853 53624.707031 7.973239
1566.663835 2456399.663835 41387.726562 6.153005 53624.253906 7.970882
1566.684269 2456399.684269 nan nan nan nan
1566.704704 2456399.704704 41377.890625 6.152436 53616.375000 7.973912
1566.725138 2456399.725138 41377.605469 6.152383 53613.441406 7.970821
1566.745573 2456399.745573 41388.875000 6.152965 53632.550781 7.972305
1566.766007 2456399.766007 41386.398438 6.152843 53627.082031 7.971880
1566.786442 2456399.786442 41397.265625 6.153390 53641.203125 7.970334
1566.806876 2456399.806876 41393.117188 6.153186 53640.894531 7.968925
1566.827311 2456399.827311 41414.867188 6.154259 53666.390625 7.972974
1566.847745 2456399.847745 41404.343750 6.153683 53653.972656 7.971092
1566.868180 2456399.868180 41417.136719 6.154371 53671.183594 7.972306
1566.888614 2456399.888614 41418.089844 6.154361 53670.832031 7.974910
1566.909049 2456399.909049 41432.183594 6.155166 53689.460938 7.976902
1566.929483 2456399.929483 41426.960938 6.154714 53685.394531 7.970050
1566.949918 2456399.949918 41445.539062 6.155769 53705.988281 7.976344
1566.970352 2456399.970352 41442.050781 6.155576 53706.152344 7.977293
1566.990787 2456399.990787 41444.230469 6.155663 53707.933594 7.973237
1567.011221 2456400.011221 41456.050781 6.156216 53722.902344 7.977484
1567.031656 2456400.031656 41447.652344 6.155856 53715.945312 7.976777
1567.052090 2456400.052090 41474.195312 6.157071 53746.242188 7.974419
1567.072525 2456400.072525 41453.652344 6.156204 53719.011719 7.976476
1567.092959 2456400.092959 41463.519531 6.156638 53737.519531 7.975983
1567.113393 2456400.113393 41459.488281 6.156482 53726.375000 7.976799
1567.133828 2456400.133828 41456.496094 6.156324 53728.921875 7.970461
1567.154263 2456400.154263 41465.156250 6.156714 53739.562500 7.979405
1567.174697 2456400.174697 41473.582031 6.157116 53746.792969 7.978819
1567.195131 2456400.195131 41460.828125 6.156482 53733.628906 7.972510
1567.215566 2456400.215566 41445.957031 6.155735 53712.019531 7.973992
1567.236000 2456400.236000 41455.738281 6.156209 53724.003906 7.972907
1567.256435 2456400.256435 41453.847656 6.156142 53723.156250 7.975226
1567.276869 2456400.276869 41437.417969 6.155369 53699.304688 7.976509
1567.297304 2456400.297304 41431.304688 6.154922 53694.964844 7.974848
1567.317738 2456400.317738 41414.941406 6.154134 53673.613281 7.973268
1567.338173 2456400.338173 41410.746094 6.153912 53664.257812 7.974665
1567.358607 2456400.358607 41394.496094 6.153133 53648.367188 7.972806
1567.379042 2456400.379042 41393.117188 6.153162 53646.414062 7.967575
1567.399476 2456400.399476 41379.019531 6.152362 53624.179688 7.973036
1567.419911 2456400.419911 41399.109375 6.153199 53655.199219 7.973553
1567.440345 2456400.440345 41398.535156 6.153295 53651.984375 7.973578
1567.460780 2456400.460780 41405.820312 6.153625 53660.980469 7.975827
1567.481214 2456400.481214 41382.886719 6.152483 53634.968750 7.972997
1567.501649 2456400.501649 41390.578125 6.152781 53640.804688 7.971041
1567.522083 2456400.522083 41383.839844 6.152804 53632.222656 7.972528
1567.542518 2456400.542518 41402.535156 6.153413 53658.757812 7.973678
1567.562952 2456400.562952 41416.742188 6.154151 53673.550781 7.972764
1567.583387 2456400.583387 41410.023438 6.153746 53666.238281 7.973902
1567.603821 2456400.603821 41424.851562 6.154521 53688.210938 7.972967
1567.624256 2456400.624256 41440.796875 6.155295 53705.343750 7.976427
1567.644690 2456400.644690 41436.667969 6.155163 53702.296875 7.973357
1567.665125 2456400.665125 41445.101562 6.155517 53712.132812 7.971939
1567.685559 2456400.685559 41461.984375 6.156357 53731.183594 7.973357
1567.705994 2456400.705994 41447.062500 6.155640 53717.707031 7.977054
1567.726428 2456400.726428 41450.777344 6.155726 53717.773438 7.972363
1567.746863 2456400.746863 41447.593750 6.155671 53717.328125 7.976659
1567.767297 2456400.767297 41455.457031 6.156002 53726.804688 7.977621
1567.787732 2456400.787732 41466.878906 6.156566 53737.144531 7.979228
1567.808166 2456400.808166 41465.230469 6.156597 53739.945312 7.979432
1567.828601 2456400.828601 41475.332031 6.156966 53751.996094 7.975873
1567.849035 2456400.849035 41478.113281 6.157182 53753.816406 7.978849
1567.869470 2456400.869470 41462.433594 6.156332 53736.917969 7.976127
1567.889904 2456400.889904 41446.929688 6.155572 53713.199219 7.975850
1567.910339 2456400.910339 41474.972656 6.156895 53747.058594 7.977374
1567.930773 2456400.930773 41463.574219 6.156381 53739.132812 7.973526
1567.951207 2456400.951207 41470.253906 6.156766 53743.535156 7.979229
1567.971642 2456400.971642 41465.117188 6.156435 53737.027344 7.978578
1567.992076 2456400.992076 41455.523438 6.155922 53726.085938 7.974638
1568.012511 2456401.012511 41450.738281 6.155662 53717.292969 7.977077
1568.032945 2456401.032945 41439.382812 6.155155 53706.093750 7.977134
1568.053380 2456401.053380 41437.472656 6.155004 53702.464844 7.976766
1568.073814 2456401.073814 41428.500000 6.154540 53687.953125 7.973918
1568.094249 2456401.094249 41409.804688 6.153593 53668.117188 7.972533
1568.114683 2456401.114683 41410.820312 6.153653 53667.246094 7.971282
1568.135118 2456401.135118 41391.046875 6.152678 53640.054688 7.973588
1568.155552 2456401.155552 41405.218750 6.153330 53664.023438 7.972471
1568.175987 2456401.175987 41395.316406 6.152775 53647.046875 7.971083
1568.196421 2456401.196421 41407.085938 6.153386 53663.757812 7.972366
1568.216856 2456401.216856 41403.281250 6.153151 53661.121094 7.969919
1568.237290 2456401.237290 41414.511719 6.153787 53669.320312 7.971751
1568.257725 2456401.257725 41417.746094 6.153942 53678.242188 7.971658
1568.278159 2456401.278159 41423.613281 6.154260 53687.101562 7.973326
1568.298594 2456401.298594 41444.308594 6.155276 53706.363281 7.973372
1568.319028 2456401.319028 41430.808594 6.154535 53704.042969 7.973252
1568.339463 2456401.339463 41443.472656 6.155164 53705.679688 7.972057
1568.359897 2456401.359897 41450.234375 6.155563 53715.632812 7.975148
1568.380332 2456401.380332 41447.636719 6.155381 53717.687500 7.974389
1568.400766 2456401.400766 41461.570312 6.156140 53732.398438 7.972454
1568.421201 2456401.421201 41449.582031 6.155477 53716.511719 7.976458
1568.441635 2456401.441635 41465.367188 6.156352 53740.906250 7.973957
1568.462070 2456401.462070 41474.566406 6.156763 53749.253906 7.976301
1568.482504 2456401.482504 41480.542969 6.157071 53759.417969 7.975210
1568.502939 2456401.502939 41472.593750 6.156732 53748.878906 7.975823
1568.523373 2456401.523373 41480.003906 6.156940 53753.792969 7.972877
1568.543808 2456401.543808 41481.199219 6.157052 53761.886719 7.976896
1568.564242 2456401.564242 41480.515625 6.157035 53761.277344 7.978180
1568.584677 2456401.584677 41477.238281 6.156869 53753.800781 7.973308
1568.605111 2456401.605111 41471.496094 6.156635 53750.792969 7.977197
1568.625546 2456401.625546 41468.136719 6.156407 53742.750000 7.974159
1568.645980 2456401.645980 41483.761719 6.157203 53763.226562 7.975651
1568.666415 2456401.666415 41485.542969 6.157328 53767.281250 7.978105
1568.686849 2456401.686849 41485.128906 6.157238 53761.253906 7.974663
1568.707284 2456401.707284 41478.972656 6.156961 53759.136719 7.975609
1568.727718 2456401.727718 41471.875000 6.156660 53747.824219 7.974549
1568.748153 2456401.748153 41472.964844 6.156691 53748.421875 7.975274
1568.768587 2456401.768587 41445.097656 6.155291 53717.101562 7.974524
1568.789022 2456401.789022 41438.882812 6.154815 53706.500000 7.974047
1568.809456 2456401.809456 41442.226562 6.155056 53707.953125 7.976367
1568.829891 2456401.829891 41405.617188 6.153196 53664.289062 7.974049
1568.850325 2456401.850325 41411.382812 6.153433 53669.492188 7.971568
1568.870760 2456401.870760 41410.042969 6.153471 53669.183594 7.972793
1568.891194 2456401.891194 41409.109375 6.153439 53669.375000 7.971200
1568.911629 2456401.911629 41417.570312 6.153804 53677.332031 7.971309
1568.932063 2456401.932063 41406.406250 6.153222 53664.683594 7.969003
1568.952498 2456401.952498 41421.054688 6.154474 53681.398438 7.975597
1568.972932 2456401.972932 41424.281250 6.154146 53684.179688 7.970302
1568.993367 2456401.993367 41423.558594 6.154117 53686.304688 7.973738
1569.013801 2456402.013801 41428.210938 6.154312 53690.582031 7.971503
1569.034236 2456402.034236 41438.757812 6.154924 53706.363281 7.971041
1569.054670 2456402.054670 41443.085938 6.155069 53715.394531 7.973084
1569.075105 2456402.075105 41444.753906 6.155231 53711.816406 7.970482
1569.095539 2456402.095539 41450.867188 6.155547 53723.613281 7.971279
1569.115974 2456402.115974 41459.898438 6.156072 53734.941406 7.975993
1569.136408 2456402.136408 41471.429688 6.156691 53745.816406 7.974133
1569.156843 2456402.156843 41473.132812 6.156844 53751.238281 7.974477
1569.177277 2456402.177277 41472.859375 6.156760 53750.367188 7.977389
1569.197712 2456402.197712 41485.996094 6.157452 53765.945312 7.976182
1569.218146 2456402.218146 41486.281250 6.157366 53769.875000 7.978049
1569.238581 2456402.238581 41481.105469 6.157181 53760.976562 7.974005
1569.259015 2456402.259015 41505.191406 6.158441 53793.886719 7.976277
1569.279450 2456402.279450 41490.453125 6.157875 53773.765625 7.976890
1569.299884 2456402.299884 41492.695312 6.157826 53775.867188 7.975535
1569.320319 2456402.320319 41496.746094 6.158101 53782.632812 7.977210
1569.340753 2456402.340753 41479.937500 6.157168 53760.921875 7.973564
1569.361188 2456402.361188 41491.808594 6.157834 53771.578125 7.975564
1569.381622 2456402.381622 41481.382812 6.157404 53765.433594 7.973391
1569.402057 2456402.402057 41496.300781 6.158115 53783.519531 7.973889
1569.422491 2456402.422491 41482.808594 6.158256 53763.199219 7.976665
1569.442926 2456402.442926 41481.121094 6.157228 53766.027344 7.975420
1569.463360 2456402.463360 41485.222656 6.157391 53768.007812 7.975443
1569.483795 2456402.483795 41460.429688 6.156109 53737.367188 7.968858
1569.504229 2456402.504229 41447.769531 6.155437 53723.121094 7.975335
1569.524664 2456402.524664 41456.511719 6.155859 53729.570312 7.974370
1569.545098 2456402.545098 41430.972656 6.154568 53701.023438 7.973187
1569.565533 2456402.565533 41432.183594 6.154594 53703.015625 7.974281
1569.585967 2456402.585967 41430.933594 6.154513 53699.980469 7.970129
1569.606402 2456402.606402 41422.046875 6.153956 53690.062500 7.973996
1569.626837 2456402.626837 41420.750000 6.153860 53686.496094 7.970391
1569.647271 2456402.647271 41429.656250 6.154289 53698.281250 7.966504
1569.667705 2456402.667705 nan nan nan nan
1569.688140 2456402.688140 41427.558594 6.154179 53696.203125 7.971671
1569.708574 2456402.708574 41436.757812 6.155580 53711.453125 7.974402
1569.729009 2456402.729009 41432.535156 6.154441 53708.812500 7.972243
1569.749444 2456402.749444 41444.492188 6.156939 53721.703125 7.976857
1569.769878 2456402.769878 41442.046875 6.155784 53720.472656 7.977242
1569.790312 2456402.790312 41455.617188 6.156483 53738.523438 7.977402
1569.810747 2456402.810747 41459.714844 6.157709 53741.574219 7.979095
1569.831181 2456402.831181 41455.644531 6.157518 53739.226562 7.979213
1569.851616 2456402.851616 41463.238281 6.157840 53748.828125 7.978055
1569.872050 2456402.872050 41464.019531 6.157901 53750.183594 7.978560
1569.892485 2456402.892485 41476.593750 6.158460 53768.921875 7.978988
1569.912920 2456402.912920 41473.511719 6.158363 53761.515625 7.979231
1569.933354 2456402.933354 41479.605469 6.158570 53772.695312 7.981473
1569.953789 2456402.953789 41490.105469 6.159189 53787.488281 7.979916
1569.974223 2456402.974223 41501.562500 6.159760 53797.660156 7.981115
1569.994658 2456402.994658 41491.472656 6.159247 53790.769531 7.978893
1570.015092 2456403.015092 41505.359375 6.159889 53807.132812 7.981078
1570.035527 2456403.035527 41479.156250 6.158577 53770.980469 7.980818
1570.055961 2456403.055961 41484.765625 6.158896 53782.273438 7.978278
1570.076396 2456403.076396 41492.640625 6.159309 53791.109375 7.979998
1570.096830 2456403.096830 41486.648438 6.158999 53783.929688 7.982449
1570.117265 2456403.117265 41485.183594 6.158794 53786.371094 7.978414
1570.137699 2456403.137699 41484.882812 6.158858 53781.675781 7.976501
1570.158134 2456403.158134 41475.839844 6.158388 53774.882812 7.973324
1570.178568 2456403.178568 41491.667969 6.159129 53794.398438 7.979454
1570.199003 2456403.199003 41465.695312 6.157894 53757.683594 7.976738
1570.219437 2456403.219437 41462.789062 6.157730 53756.082031 7.977735
1570.239872 2456403.239872 41459.386719 6.157475 53750.867188 7.980256
1570.260306 2456403.260306 41447.179688 6.156941 53732.824219 7.978338
1570.280741 2456403.280741 41445.324219 6.156766 53736.746094 7.971215
1570.301175 2456403.301175 41442.699219 6.156616 53727.976562 7.977251
1570.321610 2456403.321610 41424.894531 6.155755 53704.843750 7.975400
1570.342044 2456403.342044 41421.121094 6.155559 53705.785156 7.972426
1570.362479 2456403.362479 41430.597656 6.156058 53712.890625 7.977354
1570.382913 2456403.382913 41419.304688 6.155395 53701.128906 7.976392
1570.403348 2456403.403348 41418.601562 6.155427 53700.796875 7.970796
1570.423782 2456403.423782 41432.246094 6.156082 53715.292969 7.973728
1570.444217 2456403.444217 41433.109375 6.156083 53719.324219 7.971889
1570.464651 2456403.464651 41432.855469 6.156068 53717.222656 7.973917
1570.485086 2456403.485086 41440.140625 6.156419 53725.628906 7.972544
1570.505520 2456403.505520 41443.375000 6.156594 53733.324219 7.978366
1570.525955 2456403.525955 41450.468750 6.156868 53740.269531 7.979664
1570.546389 2456403.546389 41466.820312 6.157755 53760.671875 7.977845
1570.566824 2456403.566824 41465.183594 6.157606 53761.054688 7.979372
1570.587258 2456403.587258 41463.343750 6.157584 53754.429688 7.977950
1570.607693 2456403.607693 41476.984375 6.158215 53776.363281 7.977788
1570.628128 2456403.628128 41476.589844 6.158243 53775.316406 7.978571
1570.648562 2456403.648562 41481.093750 6.158331 53778.664062 7.975226
1570.668996 2456403.668996 41488.101562 6.158779 53790.972656 7.979678
1570.689431 2456403.689431 41484.679688 6.158579 53783.246094 7.978995
1570.709866 2456403.709866 41503.261719 6.159466 53805.750000 7.980988
1570.730300 2456403.730300 41479.203125 6.158452 53779.554688 7.978659
1570.750735 2456403.750735 41492.726562 6.159091 53792.542969 7.979911
1570.771169 2456403.771169 41487.914062 6.158750 53789.398438 7.979648
1570.791604 2456403.791604 41471.617188 6.157889 53768.550781 7.981934
1570.812038 2456403.812038 41478.984375 6.158272 53776.078125 7.978746
1570.832473 2456403.832473 41480.964844 6.158358 53780.925781 7.981931
1570.852907 2456403.852907 41476.464844 6.158071 53774.394531 7.978340
1570.873342 2456403.873342 41481.589844 6.158335 53778.117188 7.976943
1570.893776 2456403.893776 41471.175781 6.157876 53769.175781 7.977990
1570.914211 2456403.914211 41321.160156 6.157369 53571.015625 7.977714
1570.934645 2456403.934645 41460.089844 6.157303 53751.984375 7.977310
1570.955080 2456403.955080 41455.644531 6.157160 53749.695312 7.977244
1570.975514 2456403.975514 41439.628906 6.156216 53725.542969 7.976423
1570.995949 2456403.995949 41430.445312 6.155736 53712.652344 7.975217
1571.016383 2456404.016383 41417.082031 6.155165 53699.148438 7.978687
1571.036818 2456404.036818 41409.207031 6.154684 53684.066406 7.971722
1571.057252 2456404.057252 41406.710938 6.154529 53685.226562 7.976030
1571.077687 2456404.077687 41399.824219 6.154254 53674.710938 7.974457
1571.098121 2456404.098121 41415.613281 6.154994 53691.863281 7.974799
1571.118556 2456404.118556 41406.726562 6.154546 53684.957031 7.975711
1571.138990 2456404.138990 41421.476562 6.155324 53701.230469 7.974889
1571.159425 2456404.159425 41406.113281 6.154460 53680.894531 7.974385
1571.179859 2456404.179859 41424.273438 6.155397 53708.179688 7.974898
1571.200294 2456404.200294 41415.394531 6.155005 53693.109375 7.971512
1571.220729 2456404.220729 41425.488281 6.155567 53707.878906 7.974500
1571.241163 2456404.241163 41424.101562 6.155366 53706.789062 7.976766
1571.261598 2456404.261598 41421.421875 6.155233 53701.582031 7.975028
1571.282032 2456404.282032 41273.875000 6.147688 53512.515625 7.965945
1571.302467 2456404.302467 39954.234375 6.077003 51799.464844 7.869451
1571.322901 2456404.322901 37647.957031 5.946647 48804.363281 7.707341
1571.343336 2456404.343336 34792.671875 5.785977 45103.242188 7.497201
1571.363770 2456404.363770 31826.357422 5.609373 41253.125000 7.269581
1571.384205 2456404.384205 29472.369141 5.465878 38197.675781 7.084933
1571.404639 2456404.404639 28989.767578 5.437775 37574.457031 7.048564
1571.425074 2456404.425074 29011.730469 5.439082 37600.765625 7.047435
1571.445508 2456404.445508 30171.943359 5.510483 39107.304688 7.141627
1571.465943 2456404.465943 32891.179688 5.673923 42636.164062 7.352090
1571.486377 2456404.486377 35887.539062 5.845441 46519.460938 7.572896
1571.506812 2456404.506812 38586.417969 5.999415 50028.203125 7.772506
1571.527246 2456404.527246 40598.886719 6.110749 52637.691406 7.913871
1571.547681 2456404.547681 41435.148438 6.155972 53719.183594 7.971489
1571.568116 2456404.568116 41447.804688 6.156610 53740.722656 7.977106
1571.588550 2456404.588550 41458.347656 6.157213 53751.039062 7.972693
1571.608984 2456404.608984 41449.492188 6.156805 53740.246094 7.976402
1571.629419 2456404.629419 41461.191406 6.157360 53759.023438 7.979471
1571.649853 2456404.649853 41451.308594 6.156887 53739.980469 7.974000
1571.670288 2456404.670288 41437.886719 6.156317 53726.535156 7.972060
1571.690723 2456404.690723 41436.820312 6.156090 53726.300781 7.976788
1571.711157 2456404.711157 41414.949219 6.155072 53693.187500 7.971209
1571.731592 2456404.731592 41407.789062 6.154720 53690.632812 7.968510
1571.752026 2456404.752026 41413.144531 6.154891 53692.789062 7.971664
1571.772461 2456404.772461 41404.386719 6.154521 53680.699219 7.971899
1571.792895 2456404.792895 41408.820312 6.154728 53690.613281 7.971346
1571.813330 2456404.813330 41393.152344 6.153950 53666.863281 7.970320
1571.833764 2456404.833764 41398.476562 6.154273 53675.562500 7.971963
1571.854199 2456404.854199 41403.773438 6.154499 53685.234375 7.972093
1571.874633 2456404.874633 41405.914062 6.154584 53683.828125 7.970448
1571.895068 2456404.895068 41414.195312 6.155071 53696.011719 7.973791
1571.915502 2456404.915502 41415.015625 6.155057 53697.636719 7.971046
1571.935937 2456404.935937 41412.906250 6.155066 53691.972656 7.971928
1571.956371 2456404.956371 41421.871094 6.155367 53709.507812 7.971027
1571.976806 2456404.976806 41423.601562 6.155535 53709.617188 7.972957
1571.997240 2456404.997240 41434.460938 6.156060 53719.640625 7.970396
1572.017675 2456405.017675 41435.089844 6.156043 53727.636719 7.973784
1572.038109 2456405.038109 41448.953125 6.156741 53739.285156 7.976146
1572.058544 2456405.058544 41453.882812 6.156956 53747.964844 7.973456
1572.078979 2456405.078979 41463.804688 6.157558 53765.351562 7.976356
1572.099413 2456405.099413 41467.320312 6.157597 53763.679688 7.974871
1572.119848 2456405.119848 41466.546875 6.157575 53765.953125 7.974463
1572.140282 2456405.140282 41482.210938 6.158469 53786.789062 7.977107
1572.160717 2456405.160717 41487.308594 6.158623 53791.539062 7.975486
1572.181151 2456405.181151 41482.082031 6.158306 53788.339844 7.974682
1572.201586 2456405.201586 41487.570312 6.158633 53793.710938 7.974822
1572.222020 2456405.222020 41480.695312 6.158275 53782.816406 7.974075
1572.242455 2456405.242455 41483.031250 6.158442 53792.699219 7.974387
1572.262889 2456405.262889 41472.425781 6.157804 53773.597656 7.974417
1572.283324 2456405.283324 41476.542969 6.158036 53779.582031 7.978769
1572.303758 2456405.303758 41464.042969 6.157417 53765.359375 7.977499
1572.324193 2456405.324193 41472.320312 6.157804 53772.593750 7.975492
1572.344627 2456405.344627 41459.898438 6.157115 53760.882812 7.975257
1572.365062 2456405.365062 41480.566406 6.158192 53786.453125 7.975060
1572.385496 2456405.385496 41468.992188 6.157570 53769.023438 7.973478
1572.405931 2456405.405931 41459.148438 6.157094 53761.007812 7.977870
1572.426366 2456405.426366 41445.753906 6.156446 53740.281250 7.973921
1572.446800 2456405.446800 41443.171875 6.156191 53736.898438 7.973097
1572.467235 2456405.467235 41427.539062 6.155504 53721.699219 7.976127
1572.487669 2456405.487669 41437.246094 6.155959 53729.515625 7.968608
1572.508104 2456405.508104 41411.980469 6.154682 53698.722656 7.973050
1572.528538 2456405.528538 41420.820312 6.155122 53710.621094 7.975137
1572.548973 2456405.548973 41421.734375 6.155238 53710.335938 7.971621
1572.569407 2456405.569407 41417.703125 6.154991 53707.156250 7.973982
1572.589842 2456405.589842 41418.996094 6.155074 53707.878906 7.974145
1572.610276 2456405.610276 41419.039062 6.155118 53704.554688 7.969160
1572.630711 2456405.630711 41419.757812 6.155210 53712.332031 7.969923
1572.651145 2456405.651145 nan nan nan nan
1572.671580 2456405.671580 41430.644531 6.155675 53725.230469 7.974423
1572.692014 2456405.692014 41426.855469 6.155567 53724.246094 7.974186
1572.712449 2456405.712449 41434.785156 6.155857 53730.726562 7.975490
1572.732884 2456405.732884 41446.476562 6.156440 53748.710938 7.975530
1572.753318 2456405.753318 41444.726562 6.156663 53748.175781 7.977024
1572.773753 2456405.773753 41448.265625 6.156722 53750.828125 7.977187
1572.794187 2456405.794187 41443.886719 6.156616 53750.890625 7.975142
1572.814622 2456405.814622 41455.996094 6.157258 53764.800781 7.978769
1572.835056 2456405.835056 41472.449219 6.158127 53783.554688 7.978364
1572.855491 2456405.855491 41473.742188 6.158238 53788.382812 7.979477
1572.875925 2456405.875925 41465.003906 6.157897 53773.628906 7.977581
1572.896360 2456405.896360 41472.937500 6.158522 53785.972656 7.979219
1572.916794 2456405.916794 41485.675781 6.159039 53806.531250 7.980896
1572.937229 2456405.937229 41481.304688 6.158807 53795.933594 7.979820
1572.957663 2456405.957663 41474.519531 6.158459 53792.285156 7.977423
1572.978098 2456405.978098 41479.472656 6.158653 53798.230469 7.977212
1572.998532 2456405.998532 41473.914062 6.158287 53788.886719 7.981135
1573.018967 2456406.018967 41455.578125 6.157144 53770.074219 7.974773
1573.039402 2456406.039402 41476.988281 6.158017 53795.761719 7.972402
1573.059836 2456406.059836 41462.542969 6.157196 53775.781250 7.977520
1573.080271 2456406.080271 41466.996094 6.157522 53788.023438 7.977076
1573.100705 2456406.100705 41471.281250 6.157653 53787.515625 7.977329
1573.121140 2456406.121140 41442.312500 6.156267 53753.453125 7.974332
1573.141574 2456406.141574 41447.691406 6.156404 53762.527344 7.975572
1573.162009 2456406.162009 41452.234375 6.156627 53764.832031 7.975857
1573.182443 2456406.182443 41436.945312 6.155811 53749.410156 7.972807
1573.202878 2456406.202878 41407.507812 6.154296 53710.929688 7.968833
1573.223312 2456406.223312 41418.851562 6.154958 53722.054688 7.974588
1573.243747 2456406.243747 41395.777344 6.153780 53695.789062 7.968766
1573.264181 2456406.264181 41402.710938 6.154002 53703.281250 7.970120
1573.284616 2456406.284616 41395.878906 6.153697 53694.117188 7.966114
1573.305051 2456406.305051 41409.292969 6.154323 53715.660156 7.975282
1573.325485 2456406.325485 41409.910156 6.154390 53711.035156 7.972384
1573.345920 2456406.345920 41417.222656 6.154607 53723.437500 7.970776
1573.366354 2456406.366354 41426.828125 6.155072 53735.425781 7.970571
1573.386789 2456406.386789 41426.054688 6.155009 53731.148438 7.973094
1573.407223 2456406.407223 41418.679688 6.154660 53729.175781 7.971939
1573.427658 2456406.427658 41431.109375 6.155213 53741.933594 7.973389
1573.448092 2456406.448092 41422.722656 6.154778 53729.433594 7.975680
1573.468527 2456406.468527 41425.085938 6.154728 53736.781250 7.974948
1573.488961 2456406.488961 41440.257812 6.155481 53753.207031 7.976244
1573.509396 2456406.509396 41441.863281 6.155581 53756.386719 7.974451
1573.529830 2456406.529830 41442.070312 6.155688 53758.019531 7.971024
1573.550265 2456406.550265 41450.777344 6.156026 53766.484375 7.976103
1573.570700 2456406.570700 41446.500000 6.155841 53763.152344 7.970840
1573.591134 2456406.591134 41468.359375 6.156848 53793.535156 7.977361
1573.611569 2456406.611569 41478.171875 6.157373 53802.382812 7.975806
1573.632003 2456406.632003 41473.117188 6.157135 53801.187500 7.977054
1573.652438 2456406.652438 41471.882812 6.157043 53796.363281 7.978898
1573.672872 2456406.672872 41472.980469 6.157106 53797.101562 7.971220
1573.693307 2456406.693307 41463.628906 6.156583 53787.730469 7.974946
1573.713741 2456406.713741 41465.824219 6.156722 53787.488281 7.976562
1573.734176 2456406.734176 41462.675781 6.156562 53784.894531 7.976104
1573.754610 2456406.754610 41466.714844 6.156687 53791.914062 7.974072
1573.775045 2456406.775045 41457.546875 6.156231 53776.109375 7.975025
1573.795479 2456406.795479 41465.859375 6.156699 53789.550781 7.974205
1573.815914 2456406.815914 41453.914062 6.156047 53772.863281 7.969745
1573.836348 2456406.836348 41457.042969 6.156147 53774.492188 7.971165
1573.856783 2456406.856783 41453.480469 6.156003 53775.542969 7.973629
1573.877218 2456406.877218 41445.453125 6.155593 53762.019531 7.978303
1573.897652 2456406.897652 41439.781250 6.155281 53753.820312 7.971463
1573.918087 2456406.918087 41433.058594 6.154930 53746.859375 7.972527
1573.938521 2456406.938521 41427.195312 6.154607 53735.113281 7.974489
1573.958956 2456406.958956 41419.929688 6.154265 53729.496094 7.971534
1573.979390 2456406.979390 41423.570312 6.154476 53735.433594 7.971428
1573.999825 2456406.999825 41422.082031 6.154293 53728.441406 7.971500
1574.020259 2456407.020259 41410.230469 6.153834 53718.445312 7.971804
1574.040694 2456407.040694 41407.039062 6.153473 53711.964844 7.967349
1574.061129 2456407.061129 41406.070312 6.153496 53710.183594 7.968667
1574.081563 2456407.081563 41404.792969 6.153480 53712.996094 7.971751
1574.101998 2456407.101998 41415.871094 6.154025 53723.855469 7.968485
1574.122432 2456407.122432 41413.000000 6.153883 53719.101562 7.966928
1574.142867 2456407.142867 41414.527344 6.153880 53726.222656 7.966555
1574.163301 2456407.163301 41431.242188 6.154748 53741.492188 7.969606
1574.183736 2456407.183736 41423.476562 6.154236 53736.531250 7.972895
1574.204170 2456407.204170 41429.250000 6.154634 53743.085938 7.966763
1574.224605 2456407.224605 41431.765625 6.154784 53741.289062 7.968832
1574.245039 2456407.245039 41430.644531 6.154706 53745.531250 7.966653
1574.265474 2456407.265474 41438.035156 6.155014 53754.011719 7.969723
1574.285908 2456407.285908 41442.316406 6.155179 53756.664062 7.974380
1574.306343 2456407.306343 41451.253906 6.155717 53773.785156 7.972897
1574.326778 2456407.326778 41460.503906 6.156282 53781.289062 7.972529
1574.347212 2456407.347212 41479.558594 6.157059 53808.746094 7.972895
1574.367647 2456407.367647 41466.417969 6.156414 53793.488281 7.972549
1574.388081 2456407.388081 41460.718750 6.156207 53783.000000 7.971160
1574.408516 2456407.408516 41468.531250 6.156673 53795.910156 7.967682
1574.428950 2456407.428950 41516.121094 6.159039 53856.066406 7.972880
1574.449385 2456407.449385 41467.070312 6.156507 53791.621094 7.973757
1574.469819 2456407.469819 41452.390625 6.155721 53777.843750 7.967908
1574.490254 2456407.490254 41455.015625 6.155872 53776.746094 7.968932
1574.510689 2456407.510689 41452.171875 6.155649 53773.328125 7.968976
1574.531123 2456407.531123 41458.726562 6.155955 53786.699219 7.974921
1574.551557 2456407.551557 41464.617188 6.156304 53789.414062 7.972278
1574.571992 2456407.571992 41447.269531 6.155490 53770.847656 7.973610
1574.592427 2456407.592427 41442.980469 6.155100 53765.250000 7.970013
1574.612861 2456407.612861 41451.195312 6.155527 53772.828125 7.969754
1574.633296 2456407.633296 41430.644531 6.154578 53747.023438 7.969755
1574.653730 2456407.653730 41429.144531 6.154438 53746.628906 7.969213
1574.674165 2456407.674165 41425.484375 6.154260 53740.265625 7.966744
1574.694599 2456407.694599 41413.050781 6.153663 53728.894531 7.968118
1574.715034 2456407.715034 41410.835938 6.153499 53721.968750 7.969896
1574.735469 2456407.735469 41407.476562 6.153259 53720.335938 7.970540
1574.755903 2456407.755903 41406.308594 6.153239 53717.972656 7.967026
1574.776338 2456407.776338 41406.105469 6.153247 53715.746094 7.967058
1574.796772 2456407.796772 41401.906250 6.153040 53712.863281 7.960962
1574.817207 2456407.817207 41410.875000 6.153477 53724.542969 7.966961
1574.837641 2456407.837641 41412.160156 6.153591 53722.972656 7.966842
1574.858076 2456407.858076 41403.527344 6.153119 53716.546875 7.968869
1574.878510 2456407.878510 41418.480469 6.153812 53734.492188 7.969680
1574.898945 2456407.898945 41420.441406 6.153861 53737.003906 7.970684
1574.919379 2456407.919379 41425.015625 6.154143 53744.832031 7.967331
1574.939814 2456407.939814 41434.402344 6.154717 53754.125000 7.962062
1574.960249 2456407.960249 41436.652344 6.154785 53758.792969 7.972841
1574.980683 2456407.980683 41429.761719 6.154446 53754.535156 7.968225
1575.001118 2456408.001118 41438.757812 6.154739 53760.203125 7.966205
1575.021552 2456408.021552 41443.250000 6.154995 53771.503906 7.971735
1575.041987 2456408.041987 41446.667969 6.155215 53773.953125 7.966058
1575.062421 2456408.062421 41470.066406 6.156452 53802.640625 7.974104
1575.082856 2456408.082856 41452.769531 6.155514 53784.695312 7.968442
1575.103290 2456408.103290 41468.531250 6.156353 53801.914062 7.971150
1575.123725 2456408.123725 41462.078125 6.156030 53795.363281 7.969155
1575.144159 2456408.144159 41420.316406 6.156247 53741.167969 7.970317
1575.164594 2456408.164594 41279.125000 6.156495 53556.902344 7.973244
1575.185029 2456408.185029 41452.781250 6.155539 53783.078125 7.975429
1575.205463 2456408.205463 41458.511719 6.156005 53790.078125 7.971235
1575.225898 2456408.225898 41443.558594 6.155126 53769.152344 7.969353
1575.246332 2456408.246332 41453.921875 6.155442 53785.902344 7.968773
1575.266767 2456408.266767 41444.714844 6.155079 53772.019531 7.962470
1575.287201 2456408.287201 41450.554688 6.155357 53779.800781 7.973525
1575.307636 2456408.307636 41450.488281 6.155406 53783.062500 7.970865
1575.328070 2456408.328070 41440.703125 6.154911 53767.363281 7.966039
1575.348505 2456408.348505 41432.585938 6.154328 53759.082031 7.966941
1575.368940 2456408.368940 41434.816406 6.154621 53763.144531 7.970712
1575.389374 2456408.389374 41434.593750 6.154543 53761.878906 7.966912
1575.409809 2456408.409809 41430.359375 6.154332 53758.316406 7.968091
1575.430243 2456408.430243 41411.601562 6.153276 53736.023438 7.965046
1575.450678 2456408.450678 41409.460938 6.153268 53726.878906 7.970222
1575.471112 2456408.471112 41405.722656 6.153019 53728.050781 7.965921
1575.491547 2456408.491547 41393.828125 6.153306 53709.683594 7.969885
1575.511982 2456408.511982 41389.406250 6.153425 53705.191406 7.968606
1575.532416 2456408.532416 41407.472656 6.153078 53731.503906 7.963677
1575.552851 2456408.552851 41403.378906 6.152925 53723.445312 7.964793
1575.573285 2456408.573285 41399.800781 6.152730 53720.011719 7.971074
1575.593720 2456408.593720 41346.300781 6.152815 53651.234375 7.961092
1575.614154 2456408.614154 41332.355469 6.153279 53630.640625 7.965648
1575.634589 2456408.634589 nan nan nan nan
1575.655023 2456408.655023 41383.906250 6.152785 53702.390625 7.962948
1575.675458 2456408.675458 41412.867188 6.153397 53740.363281 7.973041
1575.695892 2456408.695892 41422.855469 6.153898 53758.097656 7.969744
1575.716327 2456408.716327 41424.734375 6.153880 53756.441406 7.963765
1575.736762 2456408.736762 41433.746094 6.154356 53770.453125 7.973465
1575.757196 2456408.757196 41434.687500 6.154386 53775.097656 7.970574
1575.777631 2456408.777631 41448.867188 6.155142 53787.789062 7.971950
1575.798065 2456408.798065 41446.296875 6.154986 53789.906250 7.969237
1575.818500 2456408.818500 41444.875000 6.154881 53788.355469 7.970890
1575.838934 2456408.838934 41449.531250 6.155252 53791.281250 7.969877
1575.859369 2456408.859369 41447.023438 6.155024 53793.078125 7.969612
1575.879803 2456408.879803 41452.718750 6.155259 53799.132812 7.970531
1575.900238 2456408.900238 41438.097656 6.154550 53779.507812 7.967442
1575.920673 2456408.920673 41439.847656 6.154675 53785.449219 7.971552
1575.941107 2456408.941107 41431.664062 6.154159 53772.312500 7.973752
1575.961542 2456408.961542 41439.933594 6.154570 53785.800781 7.972719
1575.981976 2456408.981976 41440.093750 6.154563 53787.117188 7.970041
1576.002411 2456409.002411 41450.042969 6.155087 53797.226562 7.969487
1576.022845 2456409.022845 41445.328125 6.154898 53795.367188 7.971485
1576.043280 2456409.043280 41435.976562 6.154354 53783.214844 7.971451
1576.063714 2456409.063714 41426.308594 6.153872 53767.824219 7.973088
1576.084149 2456409.084149 41423.437500 6.153726 53768.929688 7.972653
1576.104584 2456409.104584 41425.632812 6.153743 53770.375000 7.971187
1576.125018 2456409.125018 41411.421875 6.153135 53750.718750 7.971599
1576.145453 2456409.145453 41396.410156 6.152307 53735.855469 7.970792
1576.165887 2456409.165887 41292.675781 6.147039 53595.601562 7.961486
1576.186322 2456409.186322 40671.656250 6.113413 52792.890625 7.918060
1576.206756 2456409.206756 39749.355469 6.062786 51600.312500 7.853240
1576.227191 2456409.227191 38533.136719 5.994829 50017.097656 7.765079
1576.247626 2456409.247626 37122.031250 5.914954 48191.257812 7.661977
1576.268060 2456409.268060 35540.351562 5.824872 46137.812500 7.545825
1576.288495 2456409.288495 33866.785156 5.730016 43966.085938 7.424346
1576.308929 2456409.308929 32117.355469 5.624051 41698.640625 7.287588
1576.329364 2456409.329364 30408.970703 5.521161 39476.929688 7.154460
1576.349798 2456409.349798 28817.480469 5.422359 37414.062500 7.027601
1576.370233 2456409.370233 nan nan nan nan
1576.390667 2456409.390667 27275.212891 5.330591 35413.246094 6.910892
1576.411102 2456409.411102 27237.851562 5.328441 35366.820312 6.903363
1576.431536 2456409.431536 27468.931641 5.342347 35666.902344 6.922822
1576.451971 2456409.451971 28450.962891 5.400697 36937.156250 6.999803
1576.472406 2456409.472406 29962.566406 5.494316 38903.949219 7.121280
1576.492840 2456409.492840 31674.779297 5.598942 41123.156250 7.255557
1576.513275 2456409.513275 33416.281250 5.703078 43381.000000 7.389015
1576.533709 2456409.533709 35121.988281 5.802115 45598.179688 7.511436
1576.554144 2456409.554144 36753.398438 5.895194 47711.148438 7.639106
1576.574578 2456409.574578 38201.433594 5.977294 49592.574219 7.743210
1576.595013 2456409.595013 39475.781250 6.045058 51246.343750 7.830138
1576.615448 2456409.615448 40483.230469 6.102266 52550.734375 7.905188
1576.635882 2456409.635882 41185.742188 6.141486 53466.097656 7.955010
1576.656317 2456409.656317 41422.320312 6.153484 53770.402344 7.969954
1576.676751 2456409.676751 41440.769531 6.154434 53792.585938 7.970263
1576.697186 2456409.697186 41424.089844 6.153541 53774.675781 7.970941
1576.717620 2456409.717620 41428.535156 6.153887 53776.812500 7.971721
1576.738055 2456409.738055 41419.097656 6.153306 53765.800781 7.967670
1576.758490 2456409.758490 41429.515625 6.153801 53782.394531 7.971811
1576.778924 2456409.778924 41436.019531 6.154161 53786.957031 7.973130
1576.799359 2456409.799359 41425.496094 6.153681 53777.476562 7.971069
1576.819793 2456409.819793 41430.453125 6.153854 53781.660156 7.968618
1576.840228 2456409.840228 41426.058594 6.153669 53775.703125 7.968624
1576.860662 2456409.860662 41419.398438 6.153249 53769.187500 7.971673
1576.881097 2456409.881097 41409.500000 6.152812 53755.355469 7.970648
1576.901532 2456409.901532 41424.617188 6.153507 53774.859375 7.974946
1576.921966 2456409.921966 41419.218750 6.153347 53770.601562 7.970616
1576.942401 2456409.942401 41400.070312 6.152341 53741.519531 7.970558
1576.962835 2456409.962835 41397.195312 6.152114 53739.617188 7.970581
1576.983270 2456409.983270 41396.664062 6.152193 53740.867188 7.971633
1577.003704 2456410.003704 41404.347656 6.152530 53744.691406 7.971736
1577.024139 2456410.024139 41405.332031 6.152456 53752.476562 7.969621
1577.044573 2456410.044573 41388.250000 6.151760 53728.246094 7.968590
1577.065008 2456410.065008 41397.878906 6.152279 53739.363281 7.969228
1577.085442 2456410.085442 41408.769531 6.152836 53756.625000 7.971670
1577.105877 2456410.105877 41414.300781 6.152864 53761.433594 7.970832
1577.126312 2456410.126312 41403.628906 6.152398 53748.515625 7.968417
1577.146746 2456410.146746 41424.617188 6.153497 53776.644531 7.974378
1577.167181 2456410.167181 41438.347656 6.154113 53791.593750 7.971219
1577.187615 2456410.187615 41429.988281 6.153749 53784.222656 7.973359
1577.208050 2456410.208050 41442.148438 6.154375 53800.015625 7.973325
1577.228484 2456410.228484 41450.183594 6.154762 53807.433594 7.974245
1577.248919 2456410.248919 41443.589844 6.154371 53800.828125 7.972673
1577.269354 2456410.269354 41456.417969 6.155037 53816.582031 7.971801
1577.289788 2456410.289788 41454.082031 6.154864 53812.875000 7.975564
1577.310223 2456410.310223 41459.382812 6.155198 53822.996094 7.975851
1577.330657 2456410.330657 41451.972656 6.154873 53810.679688 7.971322
1577.351092 2456410.351092 41445.593750 6.154522 53804.804688 7.972228
1577.371526 2456410.371526 41434.175781 6.153966 53790.007812 7.974583
1577.391961 2456410.391961 41437.789062 6.154073 53792.835938 7.972971
1577.412396 2456410.412396 41438.628906 6.154071 53795.769531 7.972451
1577.432830 2456410.432830 41418.980469 6.153138 53770.765625 7.970500
1577.453265 2456410.453265 41439.406250 6.154085 53794.097656 7.973540
1577.473699 2456410.473699 41429.734375 6.153705 53787.324219 7.971868
1577.494134 2456410.494134 41447.554688 6.154633 53806.421875 7.974118
1577.514568 2456410.514568 41447.527344 6.154416 53807.585938 7.973221
1577.535003 2456410.535003 41450.210938 6.154673 53813.550781 7.974833
1577.555438 2456410.555438 41444.550781 6.154342 53803.093750 7.974099
1577.575872 2456410.575872 41428.183594 6.153503 53784.003906 7.973911
1577.596307 2456410.596307 41437.343750 6.154055 53796.191406 7.974636
1577.616741 2456410.616741 41418.640625 6.153011 53770.429688 7.972142
1577.637176 2456410.637176 41421.648438 6.153225 53776.835938 7.972853
1577.657610 2456410.657610 41422.363281 6.153157 53775.828125 7.969038
1577.678045 2456410.678045 41413.621094 6.152793 53763.601562 7.970403
1577.698480 2456410.698480 41400.753906 6.152074 53751.488281 7.967340
1577.718914 2456410.718914 41411.714844 6.152803 53760.824219 7.969840
1577.739349 2456410.739349 41413.207031 6.152777 53764.890625 7.971312
1577.759783 2456410.759783 41399.437500 6.152046 53749.484375 7.968132
1577.780218 2456410.780218 41420.832031 6.153022 53772.828125 7.971106
1577.800652 2456410.800652 41410.039062 6.152523 53763.226562 7.970233
1577.821087 2456410.821087 41411.421875 6.152597 53764.480469 7.969499
1577.841522 2456410.841522 41409.441406 6.152469 53758.101562 7.972488
1577.861956 2456410.861956 41424.406250 6.153193 53783.636719 7.971739
1577.882391 2456410.882391 41430.667969 6.153450 53787.054688 7.972155
1577.902825 2456410.902825 41424.867188 6.153361 53782.949219 7.970368
1577.923260 2456410.923260 41434.117188 6.153627 53796.269531 7.969805
1577.943694 2456410.943694 41440.562500 6.154033 53800.625000 7.972081
1577.964129 2456410.964129 41463.066406 6.155127 53831.777344 7.973292
1577.984564 2456410.984564 41459.210938 6.154949 53828.136719 7.972406
1578.004998 2456411.004998 41459.027344 6.154921 53823.726562 7.972304
1578.025433 2456411.025433 41449.375000 6.154457 53816.468750 7.970848
1578.045867 2456411.045867 41463.664062 6.155130 53831.949219 7.973268
1578.066302 2456411.066302 41455.703125 6.155127 53820.824219 7.972818
1578.086736 2456411.086736 41446.265625 6.154330 53812.246094 7.973518
1578.107171 2456411.107171 41438.222656 6.153868 53798.144531 7.972262
1578.127606 2456411.127606 41444.625000 6.154190 53810.886719 7.968879
1578.148040 2456411.148040 41453.726562 6.154683 53820.906250 7.970517
1578.168475 2456411.168475 41561.726562 6.160169 53958.859375 7.979619
1578.188909 2456411.188909 41517.812500 6.157942 53905.570312 7.975369
1578.209344 2456411.209344 41495.500000 6.156682 53874.351562 7.974550
1578.229778 2456411.229778 41480.457031 6.155903 53854.359375 7.973083
1578.250213 2456411.250213 41470.058594 6.155404 53844.097656 7.971192
1578.270647 2456411.270647 41458.917969 6.154889 53826.691406 7.971765
1578.291082 2456411.291082 41460.242188 6.154941 53831.203125 7.968198
1578.311517 2456411.311517 41452.800781 6.154528 53823.609375 7.970976
1578.331951 2456411.331951 41431.531250 6.153494 53793.035156 7.969780
1578.352386 2456411.352386 41447.203125 6.154250 53815.601562 7.971596
1578.372820 2456411.372820 41426.207031 6.153185 53789.503906 7.970777
1578.393255 2456411.393255 41427.250000 6.153238 53787.808594 7.965882
1578.413690 2456411.413690 41444.738281 6.154159 53814.097656 7.969928
1578.434124 2456411.434124 41426.011719 6.153172 53787.523438 7.969480
1578.454559 2456411.454559 41419.792969 6.152831 53780.101562 7.968556
1578.474993 2456411.474993 41410.656250 6.152424 53771.781250 7.967574
1578.495428 2456411.495428 41431.332031 6.153401 53793.492188 7.967682
1578.515862 2456411.515862 41423.457031 6.153118 53787.738281 7.966325
1578.536297 2456411.536297 41416.746094 6.152719 53779.574219 7.968349
1578.556732 2456411.556732 41436.414062 6.153703 53803.355469 7.964513
1578.577166 2456411.577166 41430.738281 6.153375 53798.929688 7.969287
1578.597601 2456411.597601 41436.914062 6.153574 53805.945312 7.964970
1578.618035 2456411.618035 nan nan nan nan
1578.638470 2456411.638470 41432.089844 6.153422 53803.957031 7.964667
1578.658904 2456411.658904 41447.187500 6.154171 53819.738281 7.970080
1578.679339 2456411.679339 41457.027344 6.154636 53835.703125 7.969577
1578.699774 2456411.699774 41449.339844 6.154323 53827.332031 7.967834
1578.720208 2456411.720208 41452.937500 6.154449 53830.535156 7.967201
1578.740643 2456411.740643 41469.914062 6.155303 53856.828125 7.970656
1578.761077 2456411.761077 41447.363281 6.154226 53825.597656 7.970743
1578.781512 2456411.781512 41459.203125 6.154759 53838.988281 7.970998
1578.801946 2456411.801946 41447.007812 6.154083 53827.945312 7.968259
1578.822381 2456411.822381 41446.246094 6.154120 53823.285156 7.967455
1578.842816 2456411.842816 41445.105469 6.153969 53824.785156 7.968981
1578.863250 2456411.863250 41436.980469 6.153520 53815.843750 7.968030
1578.883685 2456411.883685 41445.910156 6.154002 53824.699219 7.966046
1578.904119 2456411.904119 41422.644531 6.152852 53797.464844 7.965242
1578.924554 2456411.924554 41437.148438 6.153615 53816.261719 7.969321
1578.944989 2456411.944989 41433.417969 6.153348 53809.207031 7.966596
1578.965423 2456411.965423 41450.441406 6.154363 53833.667969 7.972999
1578.985858 2456411.985858 41441.062500 6.153794 53824.019531 7.970214
1579.006292 2456412.006292 41429.382812 6.153159 53806.066406 7.966513
1579.026727 2456412.026727 41447.750000 6.154097 53835.171875 7.968009
1579.047161 2456412.047161 41440.890625 6.153827 53821.593750 7.967134
1579.067596 2456412.067596 41415.511719 6.152450 53792.316406 7.964355
1579.088031 2456412.088031 41423.988281 6.152969 53804.125000 7.961785
1579.108465 2456412.108465 41421.792969 6.152823 53797.800781 7.966074
1579.128900 2456412.128900 41417.609375 6.152622 53795.332031 7.965178
1579.149334 2456412.149334 41424.558594 6.152840 53804.519531 7.967901
1579.169769 2456412.169769 41413.816406 6.152415 53788.097656 7.965002
1579.190203 2456412.190203 41406.691406 6.151991 53783.339844 7.964649
1579.210638 2456412.210638 41411.578125 6.152184 53786.882812 7.966482
1579.231073 2456412.231073 41411.523438 6.152291 53785.800781 7.967229
1579.251507 2456412.251507 41391.640625 6.151206 53763.796875 7.961326
1579.271942 2456412.271942 41405.800781 6.151922 53779.242188 7.963345
1579.292376 2456412.292376 41407.343750 6.151963 53783.238281 7.966321
1579.312811 2456412.312811 41410.410156 6.152089 53787.925781 7.964597
1579.333246 2456412.333246 41423.367188 6.152726 53800.582031 7.968074
1579.353680 2456412.353680 41426.226562 6.152943 53809.546875 7.966896
1579.374115 2456412.374115 41429.085938 6.153041 53811.945312 7.965676
1579.394549 2456412.394549 41431.484375 6.153245 53815.222656 7.963475
1579.414984 2456412.414984 41450.761719 6.154092 53841.335938 7.966946
1579.435418 2456412.435418 41456.015625 6.154428 53844.656250 7.966000
1579.455853 2456412.455853 41460.652344 6.154596 53851.992188 7.964690
1579.476288 2456412.476288 41460.128906 6.154580 53852.929688 7.970773
1579.496722 2456412.496722 41452.183594 6.154193 53838.367188 7.966438
1579.517157 2456412.517157 41453.535156 6.154331 53844.503906 7.966205
1579.537591 2456412.537591 41449.816406 6.154165 53837.554688 7.967239
1579.558026 2456412.558026 41444.984375 6.153892 53829.250000 7.966930
1579.578460 2456412.578460 41438.101562 6.153507 53823.093750 7.966511
1579.598895 2456412.598895 41443.066406 6.153703 53828.546875 7.966783
1579.619330 2456412.619330 41445.804688 6.153823 53833.867188 7.968828
1579.639764 2456412.639764 41440.738281 6.153625 53827.921875 7.964755
1579.660199 2456412.660199 41439.648438 6.151486 53822.609375 7.965281
1579.680633 2456412.680633 41446.859375 6.153855 53836.160156 7.967863
1579.701068 2456412.701068 41452.878906 6.154138 53841.882812 7.967977
1579.721503 2456412.721503 41448.695312 6.151888 53834.546875 7.963384
1579.741937 2456412.741937 41488.609375 6.156097 53888.890625 7.964767
1579.762372 2456412.762372 41437.511719 6.152350 53822.078125 7.966938
1579.782806 2456412.782806 41444.988281 6.151817 53830.187500 7.967081
1579.803241 2456412.803241 41416.609375 6.150280 53796.734375 7.963307
1579.823675 2456412.823675 41434.046875 6.151154 53816.097656 7.967030
1579.844110 2456412.844110 41430.511719 6.150982 53813.312500 7.963166
1579.864545 2456412.864545 41431.492188 6.151023 53816.394531 7.965459
1579.884979 2456412.884979 41417.707031 6.150282 53794.113281 7.963232
1579.905414 2456412.905414 41424.578125 6.150575 53806.687500 7.962831
1579.925848 2456412.925848 41414.730469 6.150122 53793.382812 7.962518
1579.946283 2456412.946283 41423.921875 6.150557 53802.753906 7.962253
1579.966717 2456412.966717 41417.050781 6.150165 53797.800781 7.963432
1579.987152 2456412.987152 41418.125000 6.150273 53795.710938 7.961589
1580.007587 2456413.007587 41417.089844 6.150264 53794.671875 7.962057
1580.028021 2456413.028021 41421.894531 6.150456 53804.316406 7.962294
1580.048456 2456413.048456 41427.875000 6.150807 53807.218750 7.961704
1580.068890 2456413.068890 41437.890625 6.151280 53821.035156 7.961413
1580.089325 2456413.089325 41454.105469 6.152109 53844.894531 7.966183
1580.109760 2456413.109760 41457.132812 6.152271 53843.839844 7.964223
1580.130194 2456413.130194 41464.984375 6.152597 53859.988281 7.963832
1580.150629 2456413.150629 41469.250000 6.152769 53862.617188 7.968642
1580.171063 2456413.171063 41468.921875 6.152811 53860.742188 7.963193
1580.191498 2456413.191498 41472.632812 6.152939 53868.761719 7.965208
1580.211932 2456413.211932 41489.613281 6.153801 53887.921875 7.969681
1580.232367 2456413.232367 41469.800781 6.152849 53861.726562 7.961770
1580.252802 2456413.252802 41465.820312 6.152588 53858.296875 7.965404
1580.273236 2456413.273236 41470.671875 6.152858 53860.519531 7.963874
1580.293671 2456413.293671 41452.789062 6.151962 53840.164062 7.962821
1580.314105 2456413.314105 41459.187500 6.152235 53848.613281 7.962093
1580.334540 2456413.334540 41451.375000 6.151839 53837.039062 7.960051
1580.354975 2456413.354975 41458.593750 6.152116 53850.480469 7.963354
1580.375409 2456413.375409 41470.519531 6.152781 53863.007812 7.965132
1580.395844 2456413.395844 41452.218750 6.151770 53839.632812 7.968125
1580.416278 2456413.416278 41461.617188 6.152281 53856.500000 7.962924
1580.436713 2456413.436713 41467.261719 6.152634 53858.222656 7.963362
1580.457148 2456413.457148 41458.464844 6.152047 53849.929688 7.959241
1580.477582 2456413.477582 41459.367188 6.152161 53849.851562 7.962409
1580.498017 2456413.498017 41460.441406 6.152184 53849.210938 7.965025
1580.518451 2456413.518451 41457.535156 6.152027 53850.769531 7.961414
1580.538886 2456413.538886 41463.175781 6.152380 53854.339844 7.962286
1580.559320 2456413.559320 41440.328125 6.151177 53823.417969 7.963615
1580.579755 2456413.579755 41433.148438 6.150782 53815.769531 7.964337
1580.600190 2456413.600190 41448.296875 6.151525 53833.523438 7.964021
1580.620624 2456413.620624 41428.878906 6.150540 53809.246094 7.961125
1580.641059 2456413.641059 41431.128906 6.150649 53814.312500 7.958569
1580.661493 2456413.661493 41429.953125 6.150606 53809.691406 7.959563
1580.681928 2456413.681928 41422.277344 6.150210 53804.500000 7.961709
1580.702363 2456413.702363 41433.964844 6.150803 53821.296875 7.963799
1580.722797 2456413.722797 41432.589844 6.150703 53815.710938 7.964490
1580.743232 2456413.743232 41411.992188 6.149670 53795.574219 7.962746
1580.763666 2456413.763666 41432.839844 6.150706 53817.062500 7.960652
1580.784101 2456413.784101 41427.343750 6.150432 53811.847656 7.960729
1580.804535 2456413.804535 41440.542969 6.151059 53828.503906 7.961355
1580.824970 2456413.824970 41434.835938 6.150826 53815.332031 7.963470
1580.845405 2456413.845405 41446.218750 6.151425 53834.039062 7.961226
1580.865839 2456413.865839 41456.089844 6.151832 53844.308594 7.967126
1580.886274 2456413.886274 41475.968750 6.152840 53868.406250 7.963937
1580.906708 2456413.906708 41474.679688 6.152782 53870.617188 7.962726
1580.927143 2456413.927143 41489.863281 6.153540 53889.000000 7.966985
1580.947578 2456413.947578 41480.062500 6.153161 53873.445312 7.965928
1580.968012 2456413.968012 41473.277344 6.152702 53865.562500 7.963547
1580.988447 2456413.988447 41469.003906 6.152431 53858.335938 7.964863
1581.008881 2456414.008881 41474.726562 6.152748 53868.351562 7.963239
1581.029316 2456414.029316 41452.808594 6.151574 53842.132812 7.961396
1581.049750 2456414.049750 41458.382812 6.151931 53847.023438 7.965645
1581.070185 2456414.070185 41443.835938 6.151102 53836.550781 7.962332
1581.090620 2456414.090620 41446.269531 6.151287 53840.750000 7.964661
1581.111054 2456414.111054 41443.058594 6.151075 53835.410156 7.957546
1581.131489 2456414.131489 41444.507812 6.151242 53842.441406 7.960152
1581.151923 2456414.151923 41454.312500 6.151662 53852.242188 7.961347
1581.172358 2456414.172358 41442.871094 6.151178 53835.089844 7.964758
1581.192793 2456414.192793 41447.660156 6.151301 53840.679688 7.961062
1581.213227 2456414.213227 41457.804688 6.151851 53847.417969 7.962232
1581.233662 2456414.233662 41458.125000 6.151864 53849.578125 7.958838
1581.254096 2456414.254096 41441.042969 6.151008 53826.042969 7.961591
1581.274531 2456414.274531 41431.742188 6.150470 53808.316406 7.963795
1581.294966 2456414.294966 41424.066406 6.150066 53803.222656 7.958756
1581.315400 2456414.315400 41421.113281 6.149949 53800.796875 7.960977
1581.335835 2456414.335835 41424.558594 6.150151 53808.695312 7.961371
1581.356269 2456414.356269 41417.910156 6.149772 53809.500000 7.956449
1581.376704 2456414.376704 41413.027344 6.149527 53800.222656 7.957998
1581.397139 2456414.397139 41420.171875 6.149924 53805.984375 7.958760
1581.417573 2456414.417573 41408.261719 6.149293 53786.066406 7.956612
1581.438008 2456414.438008 41402.589844 6.148950 53776.152344 7.956892
1581.458442 2456414.458442 41417.875000 6.149728 53805.441406 7.958845
1581.478877 2456414.478877 41420.718750 6.149899 53812.250000 7.957608
1581.499312 2456414.499312 41421.734375 6.149962 53791.308594 7.961501
1581.519746 2456414.519746 41431.109375 6.150432 53817.941406 7.961049
1581.540181 2456414.540181 41421.496094 6.149931 53795.875000 7.961331
1581.560615 2456414.560615 41431.332031 6.150385 53784.214844 7.911857
1581.581050 2456414.581050 41419.371094 6.149839 53803.355469 7.926399
nan nan nan nan nan nan
nan nan nan nan nan nan
nan nan nan nan nan nan
nan nan nan nan nan nan
nan nan nan nan nan nan
nan nan nan nan nan nan
nan nan nan nan nan nan
nan nan nan nan nan nan
nan nan nan nan nan nan
nan nan nan nan nan nan
nan nan nan nan nan nan
nan nan nan nan nan nan
nan nan nan nan nan nan
nan nan nan nan nan nan
nan nan nan nan nan nan
nan nan nan nan nan nan
nan nan nan nan nan nan
nan nan nan nan nan nan
nan nan nan nan nan nan
nan nan nan nan nan nan
nan nan nan nan nan nan
nan nan nan nan nan nan
nan nan nan nan nan nan
nan nan nan nan nan nan
nan nan nan nan nan nan
nan nan nan nan nan nan
nan nan nan nan nan nan
nan nan nan nan nan nan
nan nan nan nan nan nan
nan nan nan nan nan nan
nan nan nan nan nan nan
nan nan nan nan nan nan
nan nan nan nan nan nan
nan nan nan nan nan nan
nan nan nan nan nan nan
nan nan nan nan nan nan
nan nan nan nan nan nan
nan nan nan nan nan nan
nan nan nan nan nan nan
nan nan nan nan nan nan
nan nan nan nan nan nan
nan nan nan nan nan nan
nan nan nan nan nan nan
nan nan nan nan nan nan
nan nan nan nan nan nan
nan nan nan nan nan nan
nan nan nan nan nan nan
nan nan nan nan nan nan
nan nan nan nan nan nan
nan nan nan nan nan nan
nan nan nan nan nan nan
nan nan nan nan nan nan
nan nan nan nan nan nan
nan nan nan nan nan nan
nan nan nan nan nan nan
nan nan nan nan nan nan
nan nan nan nan nan nan
nan nan nan nan nan nan
nan nan nan nan nan nan
nan nan nan nan nan nan
nan nan nan nan nan nan
nan nan nan nan nan nan
nan nan nan nan nan nan
nan nan nan nan nan nan
nan nan nan nan nan nan
nan nan nan nan nan nan
nan nan nan nan nan nan
nan nan nan nan nan nan
nan nan nan nan nan nan
nan nan nan nan nan nan
nan nan nan nan nan nan
nan nan nan nan nan nan
nan nan nan nan nan nan
nan nan nan nan nan nan
nan nan nan nan nan nan
nan nan nan nan nan nan
nan nan nan nan nan nan
nan nan nan nan nan nan
nan nan nan nan nan nan
nan nan nan nan nan nan
nan nan nan nan nan nan
nan nan nan nan nan nan
nan nan nan nan nan nan
nan nan nan nan nan nan
nan nan nan nan nan nan
nan nan nan nan nan nan
nan nan nan nan nan nan
nan nan nan nan nan nan
nan nan nan nan nan nan
nan nan nan nan nan nan
nan nan nan nan nan nan
nan nan nan nan nan nan
nan nan nan nan nan nan
nan nan nan nan nan nan
nan nan nan nan nan nan
nan nan nan nan nan nan
nan nan nan nan nan nan
nan nan nan nan nan nan
nan nan nan nan nan nan
nan nan nan nan nan nan
nan nan nan nan nan nan
nan nan nan nan nan nan
nan nan nan nan nan nan
nan nan nan nan nan nan
nan nan nan nan nan nan
nan nan nan nan nan nan
nan nan nan nan nan nan
nan nan nan nan nan nan
nan nan nan nan nan nan
nan nan nan nan nan nan
nan nan nan nan nan nan
nan nan nan nan nan nan
nan nan nan nan nan nan
nan nan nan nan nan nan
nan nan nan nan nan nan
nan nan nan nan nan nan
nan nan nan nan nan nan
nan nan nan nan nan nan
nan nan nan nan nan nan
nan nan nan nan nan nan
nan nan nan nan nan nan
nan nan nan nan nan nan
nan nan nan nan nan nan
nan nan nan nan nan nan
nan nan nan nan nan nan
nan nan nan nan nan nan
nan nan nan nan nan nan
nan nan nan nan nan nan
nan nan nan nan nan nan
nan nan nan nan nan nan
nan nan nan nan nan nan
nan nan nan nan nan nan
nan nan nan nan nan nan
nan nan nan nan nan nan
nan nan nan nan nan nan
nan nan nan nan nan nan
nan nan nan nan nan nan
nan nan nan nan nan nan
nan nan nan nan nan nan
nan nan nan nan nan nan
nan nan nan nan nan nan
nan nan nan nan nan nan
nan nan nan nan nan nan
nan nan nan nan nan nan
nan nan nan nan nan nan
nan nan nan nan nan nan
nan nan nan nan nan nan
nan nan nan nan nan nan
nan nan nan nan nan nan
nan nan nan nan nan nan
nan nan nan nan nan nan
nan nan nan nan nan nan
nan nan nan nan nan nan
nan nan nan nan nan nan
nan nan nan nan nan nan
nan nan nan nan nan nan
nan nan nan nan nan nan
nan nan nan nan nan nan
nan nan nan nan nan nan
nan nan nan nan nan nan
nan nan nan nan nan nan
nan nan nan nan nan nan
nan nan nan nan nan nan
nan nan nan nan nan nan
nan nan nan nan nan nan
nan nan nan nan nan nan
nan nan nan nan nan nan
nan nan nan nan nan nan
nan nan nan nan nan nan
nan nan nan nan nan nan
nan nan nan nan nan nan
nan nan nan nan nan nan
nan nan nan nan nan nan
nan nan nan nan nan nan
nan nan nan nan nan nan
nan nan nan nan nan nan
nan nan nan nan nan nan
nan nan nan nan nan nan
nan nan nan nan nan nan
nan nan nan nan nan nan
nan nan nan nan nan nan
nan nan nan nan nan nan
nan nan nan nan nan nan
nan nan nan nan nan nan
nan nan nan nan nan nan
nan nan nan nan nan nan
nan nan nan nan nan nan
nan nan nan nan nan nan
nan nan nan nan nan nan
nan nan nan nan nan nan
nan nan nan nan nan nan
nan nan nan nan nan nan
nan nan nan nan nan nan
nan nan nan nan nan nan
nan nan nan nan nan nan
nan nan nan nan nan nan
nan nan nan nan nan nan
nan nan nan nan nan nan
nan nan nan nan nan nan
nan nan nan nan nan nan
nan nan nan nan nan nan
nan nan nan nan nan nan
nan nan nan nan nan nan
nan nan nan nan nan nan
nan nan nan nan nan nan
nan nan nan nan nan nan
nan nan nan nan nan nan
nan nan nan nan nan nan
nan nan nan nan nan nan
nan nan nan nan nan nan
nan nan nan nan nan nan
nan nan nan nan nan nan
nan nan nan nan nan nan
nan nan nan nan nan nan
nan nan nan nan nan nan
nan nan nan nan nan nan
nan nan nan nan nan nan
nan nan nan nan nan nan
nan nan nan nan nan nan
nan nan nan nan nan nan
nan nan nan nan nan nan
nan nan nan nan nan nan
nan nan nan nan nan nan
nan nan nan nan nan nan
nan nan nan nan nan nan
nan nan nan nan nan nan
nan nan nan nan nan nan
nan nan nan nan nan nan
nan nan nan nan nan nan
nan nan nan nan nan nan
nan nan nan nan nan nan
nan nan nan nan nan nan
nan nan nan nan nan nan
nan nan nan nan nan nan
nan nan nan nan nan nan
nan nan nan nan nan nan
nan nan nan nan nan nan
nan nan nan nan nan nan
nan nan nan nan nan nan
nan nan nan nan nan nan
nan nan nan nan nan nan
nan nan nan nan nan nan
nan nan nan nan nan nan
nan nan nan nan nan nan
nan nan nan nan nan nan
nan nan nan nan nan nan
nan nan nan nan nan nan
nan nan nan nan nan nan
nan nan nan nan nan nan
nan nan nan nan nan nan
nan nan nan nan nan nan
nan nan nan nan nan nan
nan nan nan nan nan nan
nan nan nan nan nan nan
nan nan nan nan nan nan
1586.812301 2456419.812301 32915.964844 5.668534 nan nan
1586.832735 2456419.832735 34629.070312 5.771728 44761.617188 7.422916
1586.853170 2456419.853170 36295.894531 5.865506 46923.570312 7.539945
1586.873604 2456419.873604 37816.500000 5.953663 48901.910156 7.661522
1586.894039 2456419.894039 39164.062500 6.025548 50650.984375 7.753314
1586.914474 2456419.914474 40297.855469 6.087520 52121.261719 7.828371
1586.934908 2456419.934908 41151.089844 6.133213 53233.675781 7.894103
1586.955343 2456419.955343 41585.386719 6.160773 53795.578125 7.920104
1586.975778 2456419.975778 41642.113281 6.163659 53871.906250 7.924297
1586.996212 2456419.996212 41640.914062 6.163556 53872.097656 7.929286
1587.016647 2456420.016647 41641.621094 6.163532 53871.851562 7.923498
1587.037081 2456420.037081 41644.597656 6.163716 53878.347656 7.933249
1587.057516 2456420.057516 41638.828125 6.163355 53873.675781 7.932077
1587.077951 2456420.077951 41643.839844 6.163732 53880.082031 7.919257
1587.098385 2456420.098385 41647.085938 6.163900 53888.097656 7.935180
1587.118820 2456420.118820 41648.117188 6.163863 53890.019531 7.930147
1587.139255 2456420.139255 41645.996094 6.163704 53887.585938 7.933477
1587.159689 2456420.159689 41637.101562 6.163327 53879.371094 7.936030
1587.180124 2456420.180124 41627.882812 6.162796 53869.128906 7.932885
1587.200558 2456420.200558 41621.792969 6.162642 53863.808594 7.939602
1587.220993 2456420.220993 41631.894531 6.162967 53880.917969 7.941268
1587.241428 2456420.241428 41618.238281 6.162354 53861.246094 7.930028
1587.261862 2456420.261862 41617.855469 6.162284 53864.796875 7.939826
1587.282297 2456420.282297 41611.449219 6.162010 53859.640625 7.933849
1587.302731 2456420.302731 41600.363281 6.161380 53843.160156 7.931215
1587.323166 2456420.323166 41588.300781 6.161216 53834.625000 7.932907
1587.343601 2456420.343601 41577.976562 6.160407 53819.535156 7.940183
1587.364035 2456420.364035 41594.742188 6.161139 53842.796875 7.940334
1587.384470 2456420.384470 41587.476562 6.160740 53839.019531 7.941789
1587.404905 2456420.404905 41590.234375 6.160871 53841.609375 7.940624
1587.425339 2456420.425339 41593.699219 6.161132 53849.554688 7.942041
1587.445774 2456420.445774 41596.140625 6.161114 53855.218750 7.945170
1587.466208 2456420.466208 41617.324219 6.162347 53879.953125 7.943558
1587.486643 2456420.486643 nan nan nan nan
1587.507078 2456420.507078 41617.968750 6.162382 53890.546875 7.948638
1587.527512 2456420.527512 41620.699219 6.162561 53894.429688 7.949154
1587.547947 2456420.547947 41607.933594 6.161784 53883.589844 7.953182
1587.568382 2456420.568382 41610.265625 6.161926 53886.765625 7.951168
1587.588816 2456420.588816 41598.285156 6.161248 53873.023438 7.954637
1587.609251 2456420.609251 41589.863281 6.160889 53866.937500 7.954817
1587.629685 2456420.629685 41581.527344 6.160512 53853.363281 7.948491
1587.650120 2456420.650120 41585.832031 6.160747 53864.363281 7.950648
1587.670555 2456420.670555 41582.832031 6.160564 53860.617188 7.952379
1587.690989 2456420.690989 41588.906250 6.160901 53869.191406 7.952839
1587.711424 2456420.711424 41595.117188 6.161147 53883.187500 7.955600
1587.731858 2456420.731858 41598.230469 6.161385 53888.449219 7.957671
1587.752293 2456420.752293 41591.292969 6.160944 53878.113281 7.957099
1587.772728 2456420.772728 41594.046875 6.161156 53888.441406 7.962704
1587.793162 2456420.793162 41603.527344 6.161599 53899.140625 7.956541
1587.813597 2456420.813597 41588.339844 6.160761 53882.156250 7.960339
1587.834032 2456420.834032 41588.968750 6.160904 53886.964844 7.952973
1587.854466 2456420.854466 41587.582031 6.160807 53883.722656 7.962039
1587.874901 2456420.874901 41590.542969 6.160941 53893.597656 7.964057
1587.895335 2456420.895335 41581.140625 6.160508 53882.089844 7.964217
1587.915770 2456420.915770 41578.781250 6.160283 53878.132812 7.965046
1587.936205 2456420.936205 41578.667969 6.160324 53882.566406 7.965319
1587.956639 2456420.956639 41563.511719 6.159554 53864.093750 7.956319
1587.977074 2456420.977074 41575.507812 6.160172 53879.441406 7.962248
1587.997509 2456420.997509 41558.585938 6.159309 53863.539062 7.966134
1588.017943 2456421.017943 41543.179688 6.158519 53842.171875 7.963437
1588.038378 2456421.038378 41538.437500 6.158297 53838.410156 7.955257
1588.058812 2456421.058812 41540.855469 6.158433 53842.421875 7.964440
1588.079247 2456421.079247 41533.343750 6.158043 53832.929688 7.965457
1588.099682 2456421.099682 41527.718750 6.156725 53832.921875 7.965253
1588.120116 2456421.120116 41548.128906 6.158707 53857.214844 7.959434
1588.140551 2456421.140551 41533.453125 6.158037 53837.750000 7.962929
1588.160986 2456421.160986 41539.417969 6.156292 53850.703125 7.965961
1588.181420 2456421.181420 41559.820312 6.157345 53874.875000 7.963824
1588.201855 2456421.201855 41563.039062 6.157579 53884.421875 7.965857
1588.222289 2456421.222289 41575.609375 6.160081 53901.992188 7.968211
1588.242724 2456421.242724 41570.437500 6.157833 53894.667969 7.966154
1588.263159 2456421.263159 41568.664062 6.157774 53896.996094 7.968136
1588.283593 2456421.283593 41558.589844 6.157269 53883.945312 7.967261
1588.304028 2456421.304028 41563.781250 6.157446 53888.488281 7.967874
1588.324463 2456421.324463 41547.656250 6.156743 53875.550781 7.967125
1588.344897 2456421.344897 41532.925781 6.155902 53854.261719 7.962049
1588.365332 2456421.365332 41530.730469 6.155811 53852.238281 7.967603
1588.385766 2456421.385766 41530.898438 6.155795 53856.667969 7.969792
1588.406201 2456421.406201 41529.199219 6.155694 53853.082031 7.966161
1588.426636 2456421.426636 41524.695312 6.153812 53849.828125 7.967865
1588.447070 2456421.447070 41529.058594 6.155790 53860.054688 7.967712
1588.467505 2456421.467505 41544.031250 6.156424 53875.105469 7.968777
1588.487940 2456421.487940 41548.535156 6.156676 53886.226562 7.968295
1588.508374 2456421.508374 41546.816406 6.156538 53884.648438 7.972911
1588.528809 2456421.528809 41557.929688 6.157091 53898.335938 7.971715
1588.549243 2456421.549243 41539.343750 6.156229 53879.691406 7.969942
1588.569678 2456421.569678 41555.699219 6.157067 53897.691406 7.969576
1588.590113 2456421.590113 41544.957031 6.156425 53886.804688 7.971633
1588.610547 2456421.610547 41529.363281 6.152302 53870.031250 7.964876
1588.630982 2456421.630982 41547.542969 6.156695 53891.289062 7.970464
1588.651417 2456421.651417 41537.898438 6.152690 53882.355469 7.964970
1588.671851 2456421.671851 41540.652344 6.154084 53886.320312 7.969270
1588.692286 2456421.692286 41510.292969 6.151339 53846.894531 7.964415
1588.712720 2456421.712720 41512.562500 6.151485 53854.328125 7.962092
1588.733155 2456421.733155 41511.933594 6.151472 53851.796875 7.963756
1588.753590 2456421.753590 41509.781250 6.151283 53850.761719 7.964336
1588.774024 2456421.774024 41502.089844 6.150932 53843.757812 7.962869
1588.794459 2456421.794459 41504.648438 6.151074 53842.949219 7.961121
1588.814893 2456421.814893 41501.410156 6.151037 53843.632812 7.962298
1588.835328 2456421.835328 41491.226562 6.150333 53831.894531 7.963398
1588.855763 2456421.855763 41510.585938 6.151340 53855.312500 7.963680
1588.876197 2456421.876197 41506.769531 6.151185 53855.214844 7.964680
1588.896632 2456421.896632 41516.320312 6.151617 53867.082031 7.961982
1588.917067 2456421.917067 41523.472656 6.152026 53874.750000 7.962049
1588.937501 2456421.937501 41511.667969 6.151306 53864.117188 7.962264
1588.957936 2456421.957936 41531.503906 6.152328 53887.859375 7.965822
1588.978370 2456421.978370 41540.128906 6.152729 53900.402344 7.961674
1588.998805 2456421.998805 41535.457031 6.153797 53897.535156 7.965268
1589.019240 2456422.019240 41530.316406 6.152376 53889.222656 7.966674
1589.039674 2456422.039674 41510.308594 6.151218 53865.589844 7.960425
1589.060109 2456422.060109 41502.984375 6.150964 53855.597656 7.964186
1589.080544 2456422.080544 41507.515625 6.151715 53861.539062 7.965259
1589.100978 2456422.100978 41497.835938 6.151899 53853.640625 7.959059
1589.121413 2456422.121413 41494.496094 6.150435 53848.574219 7.959094
1589.141847 2456422.141847 41493.746094 6.151653 53847.855469 7.964225
1589.162282 2456422.162282 41498.988281 6.151890 53858.042969 7.962765
1589.182717 2456422.182717 41519.277344 6.152992 53881.593750 7.963161
1589.203151 2456422.203151 41507.421875 6.152325 53870.312500 7.964789
1589.223586 2456422.223586 41506.941406 6.152329 53872.046875 7.961480
1589.244021 2456422.244021 41516.058594 6.152720 53881.125000 7.966229
1589.264455 2456422.264455 41505.656250 6.152225 53870.417969 7.962118
1589.284890 2456422.284890 41519.480469 6.152902 53888.699219 7.963034
1589.305324 2456422.305324 41528.355469 6.153394 53899.230469 7.964771
1589.325759 2456422.325759 41521.976562 6.153029 53895.167969 7.960305
1589.346194 2456422.346194 41524.257812 6.153180 53895.472656 7.963488
1589.366628 2456422.366628 41518.449219 6.152830 53891.437500 7.964122
1589.387063 2456422.387063 41501.289062 6.152031 53868.335938 7.957474
1589.407498 2456422.407498 41503.363281 6.152038 53871.449219 7.960337
1589.427932 2456422.427932 41515.882812 6.152709 53889.554688 7.960647
1589.448367 2456422.448367 41477.355469 6.150705 53840.468750 7.959593
1589.468802 2456422.468802 41493.386719 6.151507 53859.164062 7.958001
1589.489236 2456422.489236 41489.847656 6.151338 53858.238281 7.956977
1589.509671 2456422.509671 41498.101562 6.151706 53869.449219 7.957555
1589.530105 2456422.530105 41490.359375 6.151445 53857.000000 7.956291
1589.550540 2456422.550540 41477.660156 6.150751 53847.429688 7.952996
1589.570975 2456422.570975 41470.968750 6.150450 53835.328125 7.954745
1589.591409 2456422.591409 41477.105469 6.150795 53844.031250 7.956338
1589.611844 2456422.611844 41494.828125 6.151586 53869.640625 7.954990
1589.632278 2456422.632278 41502.125000 6.151971 53874.289062 7.956885
1589.652713 2456422.652713 41499.234375 6.151828 53878.007812 7.955968
1589.673148 2456422.673148 41507.062500 6.152258 53885.464844 7.956220
1589.693582 2456422.693582 41505.722656 6.152196 53881.660156 7.956122
1589.714017 2456422.714017 41499.687500 6.151751 53879.437500 7.956603
1589.734452 2456422.734452 41487.945312 6.151264 53862.308594 7.954699
1589.754886 2456422.754886 41503.957031 6.151999 53885.070312 7.959846
1589.775321 2456422.775321 41483.855469 6.150998 53860.539062 7.946876
1589.795756 2456422.795756 41486.574219 6.151138 53859.109375 7.950306
1589.816190 2456422.816190 41491.781250 6.151347 53871.320312 7.949763
1589.836625 2456422.836625 nan nan nan nan
1589.857059 2456422.857059 41468.304688 6.150316 53839.527344 7.951215
1589.877494 2456422.877494 41481.265625 6.150818 53860.210938 7.950727
1589.897929 2456422.897929 41477.894531 6.150732 53854.226562 7.951385
1589.918363 2456422.918363 41496.785156 6.151588 53878.773438 7.952065
1589.938798 2456422.938798 41499.648438 6.151769 53886.730469 7.944317
1589.959233 2456422.959233 41512.347656 6.152443 53901.109375 7.950296
1589.979667 2456422.979667 41499.617188 6.151816 53884.835938 7.946496
1590.000102 2456423.000102 41507.273438 6.152167 53897.816406 7.946744
1590.020536 2456423.020536 41518.136719 6.152673 53906.574219 7.948712
1590.040971 2456423.040971 41511.210938 6.152362 53901.468750 7.943162
1590.061406 2456423.061406 41504.871094 6.152083 53894.921875 7.946930
1590.081840 2456423.081840 41498.222656 6.151776 53884.390625 7.950094
1590.102275 2456423.102275 41500.867188 6.151819 53891.878906 7.944664
1590.122710 2456423.122710 41503.910156 6.152014 53893.621094 7.949036
1590.143144 2456423.143144 41500.894531 6.151899 53890.914062 7.946712
1590.163579 2456423.163579 41495.339844 6.151603 53885.351562 7.941833
1590.184014 2456423.184014 41488.968750 6.151196 53872.472656 7.944819
1590.204448 2456423.204448 41488.296875 6.151145 53876.152344 7.946186
1590.224883 2456423.224883 41493.312500 6.151463 53881.980469 7.945498
1590.245317 2456423.245317 41479.433594 6.150811 53862.679688 7.941990
1590.265752 2456423.265752 41480.417969 6.150841 53867.816406 7.941945
1590.286187 2456423.286187 41478.332031 6.150753 53863.511719 7.944003
1590.306621 2456423.306621 41476.031250 6.150675 53859.078125 7.947271
1590.327056 2456423.327056 41498.601562 6.151771 53892.121094 7.938567
1590.347490 2456423.347490 41479.664062 6.150757 53865.605469 7.941978
1590.367925 2456423.367925 41480.921875 6.150848 53868.339844 7.939106
1590.388360 2456423.388360 41502.148438 6.151885 53898.660156 7.943605
1590.408794 2456423.408794 41500.503906 6.151763 53892.789062 7.943865
1590.429229 2456423.429229 41507.054688 6.152156 53905.589844 7.946815
1590.449664 2456423.449664 41500.917969 6.151903 53896.121094 7.942956
1590.470098 2456423.470098 41499.585938 6.151735 53893.054688 7.941658
1590.490533 2456423.490533 41498.660156 6.151707 53897.136719 7.941153
1590.510967 2456423.510967 41488.750000 6.151221 53881.164062 7.944421
1590.531402 2456423.531402 41498.757812 6.151681 53895.039062 7.938349
1590.551837 2456423.551837 41474.468750 6.150432 53865.835938 7.937009
1590.572271 2456423.572271 41479.105469 6.150659 53868.433594 7.933610
1590.592706 2456423.592706 41474.164062 6.150433 53866.273438 7.935877
1590.613141 2456423.613141 41483.542969 6.150955 53878.023438 7.934048
1590.633575 2456423.633575 41501.714844 6.151830 53898.792969 7.937468
1590.654010 2456423.654010 41489.726562 6.151208 53890.445312 7.937003
1590.674445 2456423.674445 41494.664062 6.151447 53895.222656 7.937455
1590.694879 2456423.694879 41493.058594 6.151352 53888.855469 7.934903
1590.715314 2456423.715314 41496.898438 6.151583 53898.492188 7.932380
1590.735748 2456423.735748 41499.613281 6.151793 53898.648438 7.938833
1590.756183 2456423.756183 41495.480469 6.151486 53894.113281 7.934095
1590.776618 2456423.776618 41507.214844 6.152063 53909.390625 7.929930
1590.797052 2456423.797052 41507.960938 6.152117 53910.164062 7.943493
1590.817487 2456423.817487 41498.605469 6.151648 53904.273438 7.931517
1590.837922 2456423.837922 41497.484375 6.151620 53902.812500 7.928193
1590.858356 2456423.858356 41486.156250 6.150976 53886.566406 7.932412
1590.878791 2456423.878791 41486.828125 6.151047 53889.855469 7.924881
1590.899226 2456423.899226 41488.136719 6.151092 53882.843750 7.934116
1590.919660 2456423.919660 41482.750000 6.150872 53880.414062 7.931089
1590.940095 2456423.940095 41467.894531 6.150006 53879.218750 7.931132
1590.960529 2456423.960529 41483.347656 6.150875 53899.472656 7.933662
1590.980964 2456423.980964 41414.921875 6.150857 53839.347656 7.862306
1591.001399 2456424.001399 41440.535156 6.149697 53840.562500 7.901603
